10000143148,0.88,0.5,0,0,0,0.13,0,0,0
10000206426,0.88,1,1,0,1,0.69,0.75,1,1
10000506321,0.88,0.5,0,0.93,0,0.19,0,0,0
10000716295,0.88,0.5,0,0,0,0.13,0,0,0
10001327520,0.75,1,1,0.8,1,0.56,0.75,1,1
10001597712,0.88,1,1,0.8,1,0.56,0.75,1,1
10001676393,0.88,0.5,0,0,0,0.13,0,0,0
10002067376,0,0.5,0,0,0,0.13,0,0,0
10006030112,0.88,0.5,0,0,0,0.06,0,0,0
10006521001,0.88,1,0,0,0,0.13,0,0,0
10006545774,0.88,0.5,0,0,0,0.13,0,0,0
10006558113,0.63,0.5,0,0,0,0.13,0,0,0
10006594583,0.88,0.5,0,0,0,0.19,0,0,0
10006599381,0.63,0.5,0,0,0,0,0,0,0
10006601280,0.75,0.5,0,0,0,0.13,0,0,1
10008450535,0.88,0.5,0,0,1,0.13,0,0,0
10010459568,0.88,1,1,0.8,1,0.56,0.81,1,1
10010665504,0.88,0.5,0,0.33,0,0.13,0,0,0
10011590993,0.88,1,1,0,1,0.56,0.75,1,1
10013758760,0.75,1,1,0.67,1,0.38,0.38,1,1
10013777855,0.88,1,1,0,1,0.56,0.75,1,1
10013969728,0.88,1,1,0.73,1,0.44,0.38,1,1
10014117683,0.88,1,1,0.8,1,0.56,0.38,1,1
10014408185,0.88,1,1,0.73,1,0.38,0.06,1,1
10014481426,0.88,1,1,0,1,0.56,0.75,1,1
10014548534,0.88,1,1,0,1,0.56,0.75,1,1
10015644658,0.88,0.5,0,0,0,0,0,0,0
10015760347,0.88,1,1,0.73,1,0.56,0.75,1,1
10015911380,0.88,0.5,0,0,0,0.13,0,0,0
10016180815,0.88,1,1,0,1,0.56,0.75,1,1
10016206602,0.88,1,1,0,1,0.56,0.75,1,1
10017487513,0.88,0.5,0,0,0,0.13,0,0,0
10017513555,0.88,0.5,0,0,0,0.13,0,0,0
10017568926,0.88,1,1,0.8,1,0.56,0.75,1,1
10017784052,0.88,0.5,0,0,0,0.13,0,0,0
10017938561,0.88,0.5,0,0,0,0.19,0,0,0
10018540787,0.88,1,1,0.8,1,0.44,0.81,1,1
10018754807,0.88,0.5,0,0.2,0,0.13,0,0,0
10019682506,0.88,1,1,0,1,0.56,0.75,1,1
10020532720,0.75,1,1,0.8,1,0.44,0.75,1,1
10020780541,0.88,1,1,0.73,1,0.44,0,1,1
10021802503,0.88,0.5,0,0,0,0.13,0,0,0
10022097137,0.88,0.5,0,0.2,0,0.13,0,0,0
10022099924,0.88,1,1,0.8,1,0.56,0.81,1,1
10022157472,0.88,0.5,0,0.2,0,0.13,0,1,1
10022930816,0.88,0.5,0,0.2,1,0.13,0,0,0
10023526574,0.88,0.5,0,0,0,0.13,0,0,0
10024165680,0.88,0.5,0,0.2,0,0.13,0,0,0
10024905274,0.88,1,1,0.8,1,0.56,0.75,1,1
10026388347,0.75,1,1,0.67,1,0.31,0,1,1
10028077561,0.88,1,1,0.73,1,0.38,0.38,1,1
10028095197,0.88,1,1,0.73,1,0.56,0.75,1,1
10028160033,0.88,1,1,0.73,1,0.44,0.38,1,1
10028578383,0.88,0.5,0,0.2,0,0.13,0,0,0
10028894992,0.88,1,1,0,1,0.94,0.75,1,1
10029074989,0.88,1,1,0,1,0.81,0.75,1,1
10029222538,0.88,1,1,0,1,0.56,0.75,1,1
10029390041,0.88,1,1,0.73,1,0.44,0.38,1,1
10030250526,0.88,0.5,0,0,0,0.06,0,0,0
10031148676,0.88,1,1,0.8,1,0.56,0.81,1,1
10031469615,0.88,1,1,0.73,1,0.44,0.38,1,1
10031547430,0.88,1,1,0.8,1,0.56,0.75,1,1
10031736502,0.88,1,1,0,1,0.75,0.81,1,1
10031884801,0.88,0.5,0,0.47,1,0.13,0,0,0
10031968892,0.88,1,1,0.8,1,0.56,0.75,1,1
10031997026,0.88,0.5,0,0,0,0.06,0,0,1
10032002359,0.88,0.5,0,0.2,0,0.06,0,0,1
10032007247,0.88,1,1,0.93,1,0.56,0.94,1,1
10032074417,0.88,1,1,0,1,0.56,0.81,1,1
10032123803,0.88,1,1,0,1,0.56,0.75,1,1
10032470074,0.75,1,1,0,1,0.44,0.75,1,1
10032503464,0.88,1,1,0.73,1,0.38,0.06,1,1
10032833365,0.75,0.5,0,0,1,0.13,0,1,1
10032845166,0.75,0,0,0,1,0.06,0,1,1
10032846858,0.88,0,0,0,1,0.13,0,1,1
10033212366,0.88,0.5,0,0,1,0.06,0,1,1
10033504772,0.88,1,1,0.8,1,0.44,0.38,1,1
10033572331,0.88,1,1,0.8,1,0.44,0.75,1,1
10034839237,0.88,1,1,0.8,1,0.56,0.75,1,1
1003494928,0.25,1,0,0,0,0.13,0,0,0
10035141244,0.88,1,1,0,1,0.44,0.25,1,1
10035775113,0.88,0.5,0,0,1,0,0,1,1
10035984129,0.88,1,1,0.73,1,0.44,0.75,1,1
10037021735,0.88,1,1,0.8,1,0.44,0.75,1,1
10037069502,0.88,1,0,0.2,0,0.13,0,0,0
10037255098,0.88,1,1,0,1,0.56,0.94,1,1
10037610495,0.88,1,1,0,1,0.56,0.75,1,1
10038382171,0.88,1,1,0,1,0.44,0.38,1,1
10039619413,0.88,1,1,0.73,1,0.38,0.38,1,1
10039941572,0.88,1,1,0.87,1,0.56,0.75,1,1
10040406110,0.88,1,1,0,1,0.38,0.38,1,1
10041257808,0.88,1,1,0,1,0.69,0.75,1,1
10041299235,0.88,1,1,0.8,1,0.56,0.44,1,1
10041352614,0.88,1,1,0.8,1,0.56,0.75,1,1
10041391735,0.88,1,1,0.67,1,0.38,0,1,1
10041501744,0.88,0.5,0,0,0,0.13,0,0,0
10041902532,0.88,1,1,0,1,0.56,0.75,1,1
10041975652,0.88,1,1,0,1,0.56,0.75,1,1
10042668156,0.75,1,1,0.73,1,0.44,0.75,1,1
10043050638,0.88,0.5,0,0.2,0,0.13,0,0,0
10043055520,0.88,1,1,0.73,1,0.38,0.06,1,1
10043403209,0.75,0.5,0,0,0,0.13,0,0,0
10043520178,0,0.5,0,0.27,0,0.13,0,0,0
10044317501,0.88,0.5,0,0,0,0.13,0,0,0
10045406478,0.88,1,1,0,1,0.56,0.81,1,1
10046558050,0.63,1,1,0,1,0.38,0.06,1,1
10046570422,0.88,1,1,0,1,0.56,0.75,1,1
10046616814,0.88,1,1,0.8,1,0.44,0.38,1,1
10046654114,0.88,1,1,0.93,1,0.88,0,1,1
10046971469,0.88,1,1,0.73,1,0.44,0.38,1,1
10047050496,0.88,1,1,0,1,0.56,0.75,1,1
10047271360,0.88,0.5,0,0.27,0,0.13,0,0,0
10048397047,0.88,0.5,0,0.27,0,0.06,0,0,0
10048637990,0.88,0.5,0,0.2,0,0.13,0,0,0
10048777916,0.88,1,1,0,1,0,0.75,1,1
10048830647,0.88,1,1,0.73,1,0.56,0.75,1,1
10048917912,0.88,1,1,0,1,0,0.75,1,1
10048976875,0.88,1,1,0,1,0,0.75,1,1
10049010499,0.88,1,1,0,1,0,0.75,1,1
10050169631,0.88,1,1,0.8,1,0.44,0.38,1,1
10050226030,0.88,0.5,0,0.2,0,0.13,0,0,0
10050290561,0.88,1,1,0.73,1,0.44,0.38,1,1
10050390936,0.88,1,0,0.27,0,0.13,0,0,0
10051101986,0,0,1,0.73,1,0.56,0.75,1,1
10051156965,0.88,1,1,0,1,0.56,0.81,1,1
10051208593,0.88,0.5,0,0,1,0.13,0,1,1
10051483542,0.88,1,1,0.93,1,0.56,0.81,1,1
10051678346,0.75,1,1,0.67,1,0.38,0.38,1,1
10051709812,0.88,1,1,0,1,0.94,0.75,1,1
10051718325,0.88,1,1,0,1,0.56,0.75,1,1
10051748232,0.88,1,1,0,1,0.56,0.75,1,1
10051786206,0.88,1,1,0.8,1,0.56,0.75,1,1
10051863228,0.88,1,1,0.8,1,0.56,0.75,1,1
10051905901,0.88,1,1,0,1,0.56,0.75,1,1
10052711188,0.88,1,1,0,1,0,0.75,1,1
10052870616,0.88,1,1,0.73,1,0.44,0.75,1,1
10052965892,0.88,1,1,0,1,0.63,0.81,1,1
10053008266,0.88,1,1,0,1,0.63,0.81,1,1
10053205095,0.88,1,1,0,1,0.63,0.81,1,1
10053222831,0.75,1,1,0.8,1,0.44,0.81,1,1
10053238568,0.88,0.5,0,0.27,0,0.13,0,0,0
10053441176,0.88,1,1,0.8,1,0.44,0.38,1,1
10054204298,0.88,1,1,0,1,0.69,0.75,1,1
10054321469,0.88,0.5,0,0.2,0,0.13,0,0,0
10054610580,0.88,1,1,0.8,1,0.56,0.75,1,1
10055885513,0.88,0.5,0,0,0,0,0,0,0
10056078472,0.88,1,1,0,1,0.56,0.75,1,1
10056674261,0.88,0.5,0,0,0,0,0,0,0
10057244742,0.88,1,1,0.73,1,0.44,0.38,1,1
10057327421,0.88,1,1,0,1,0.56,0.75,1,1
10058094674,0.88,1,1,0.73,1,0.38,0.06,1,1
10058401953,0.88,1,1,0.87,1,0.56,0.38,1,1
10058649854,0.88,1,1,0.73,1,0.38,0.06,1,1
10058850031,0.88,0.5,0,0,0,0.13,0,0,1
10059044253,0.88,0.5,0,0.8,0,0.06,0,0,0
10059069218,0.88,1,1,0.73,1,0.44,0.38,1,1
10060405395,0.88,0.5,0,0,0,0.13,0,0,0
10060478251,0.88,0.5,0,0,0,0.13,0,0,0
10060516110,0.88,1,1,0.87,1,0.56,0.38,1,1
10060576993,0.88,0.5,0,0,0,0.13,0,0,0
10060854137,0.88,1,1,0.8,1,0.44,0.75,1,1
10061042931,0.88,1,1,0.93,1,0.56,0.94,1,1
10061394147,0.88,0.5,0,0.33,0,0.13,0,0,0
10062579891,0.88,0.5,0,0.2,0,0.13,0,0,0
10062584612,0.88,0.5,0,0.2,0,0.13,0,0,0
10062968895,0.88,1,1,0.8,1,0.56,0.75,1,1
10063518696,0.88,1,1,0.73,1,0.44,0.38,1,1
10063528901,0.88,0.5,0,0.2,0,0,0,0,0
10063551077,0.88,1,1,0,1,0.63,0.81,1,1
10063660684,0.75,1,1,0,1,0.38,0.06,1,1
10063741568,0.88,0.5,0,0,1,0.13,0,0,0
10063742259,0.88,1,1,0,1,0.63,0.81,1,1
10063752145,0.88,1,1,0,1,0.56,0.75,1,1
10063785065,0.88,1,1,0,1,0.81,0.75,1,1
10063823004,0.75,1,1,0,1,0.56,0.75,1,1
10063959278,0.88,1,1,0,1,0.25,0.06,1,1
10063999174,0.88,1,1,0,1,0.56,0.75,1,1
10064007176,0.88,1,1,0,1,0.56,0.75,1,1
10064548399,0.88,1,1,0,1,0.38,0.38,1,1
10064632072,0.88,0.5,0,0.27,0,0.19,0,0,1
10064677138,0.88,1,1,0.93,1,0.56,0.94,1,1
10064704606,0.75,1,1,0,1,0.56,0.75,1,1
10064734827,0,1,1,0,1,0.25,0,1,1
10064984839,0.88,1,1,0.8,1,0.56,0.38,1,1
10065012922,0.88,1,1,0,1,0.63,0.81,1,1
10065152434,0,1,1,0.93,1,0.63,0.81,1,1
10065223918,0.88,0,0,0,1,0,0,1,1
10065232435,0.75,1,1,0,1,0.56,0.75,1,1
10065238236,0.88,1,1,0.8,1,0.44,0.75,1,1
10065260353,0.88,1,1,0.87,1,1,0.75,1,1
10065299501,0.88,1,1,0,1,0.56,0.75,1,1
10065329668,0.88,0,0,0,1,0,0,1,1
10065385952,0.75,1,1,0,1,0.56,0.38,1,1
10065429089,0.88,1,1,0.87,1,0.56,0.75,1,1
10065512085,0.88,1,1,0,1,0.56,0,1,1
10065521278,0.88,0,0,0,1,0,0,0,1
10065555664,0.75,1,1,0,1,0.25,0,1,1
10066127243,0.75,1,1,0,0,0.38,0,1,1
10066163620,0.88,1,1,0.73,1,0.38,0.06,1,1
10066171058,0.63,0.5,1,0,0,0.13,0,0,1
10066596071,0.88,1,1,0,1,0.44,0.38,1,1
10068417617,0.88,0.5,0,0,0,0,0,0,1
10069466539,0.88,1,0,0.2,0,0.13,0,0,0
10069576582,0.88,1,1,0.8,1,0.56,0.94,1,1
10069934322,0.88,1,1,0.67,1,0.38,0,1,1
10070875261,0.88,1,1,0,1,0.56,0.75,1,1
10071137035,0.88,1,1,0.73,1,0.38,0.38,1,1
10071254565,0.75,1,1,0.8,1,0.56,0.75,1,1
10071361007,0.75,1,1,0,1,0.44,0.38,1,1
10071468097,0.88,1,1,0,1,0.44,0.38,1,1
10071493646,0.88,1,1,0,1,0.44,0.38,1,1
10071501419,0.88,1,1,0.8,1,0.44,0.38,1,1
10071546974,0.88,1,1,0.73,1,0.44,0.38,1,1
10071725015,0.75,1,1,0.8,1,0.56,0.38,1,1
10071841709,0.88,1,1,0,1,0.38,0.06,1,1
10071889624,0.88,1,1,0,1,0.63,0.81,1,1
10072398895,0.88,1,1,0,0,0.25,0,1,1
10072503490,0.88,1,1,0.93,1,0.56,0.94,1,1
10072587443,0.75,1,1,0.67,1,0.44,0.38,1,1
10072667769,0.75,1,1,0,1,0.38,0.06,1,1
10072697027,0.88,1,1,0,1,0.63,0.81,1,1
10072704911,0.63,1,1,0,1,0.38,0.06,1,1
10072723475,0.88,1,1,0,1,0.38,0.06,1,1
10072726780,0.88,1,1,0.73,1,0.44,0.38,1,1
10072766014,0.75,1,1,0.67,1,0.38,0.06,1,1
10072781820,0.88,1,1,0,1,0.56,0.75,1,1
10073082626,0.88,1,1,0,1,0.25,0.06,1,1
10073082919,0,0.5,0,0,0,0.13,0,0,0
10073092632,0.63,1,1,0.47,1,0.13,0,1,0
10073113705,0.88,1,1,0,1,0.44,0.38,1,1
10073938796,0.5,0.5,0,0.27,0,0.25,0,0,1
10073967072,0.63,1,1,0.67,1,0.44,0.25,1,1
10074111489,0.88,0.5,0,0.27,0,0.13,0,0,0
10074114155,0.88,1,1,0.8,1,0.56,0.75,1,1
10074608587,0.88,1,1,0.87,1,0.56,0.94,1,1
10074681700,0.88,1,1,0,1,0.63,0.81,1,1
10074730534,0.88,1,1,0,1,0.56,0.75,1,1
10074808893,0.88,1,1,0.93,1,0.56,0.81,1,1
10074833063,0.75,1,1,0.8,1,0.44,0.81,1,1
10074872227,0.88,1,1,0,1,0.75,0.81,1,1
10074899527,0.88,1,1,0,1,0.56,0.75,1,1
10075116412,0.75,1,1,0.73,1,0.56,0.75,1,1
10075119568,0.88,1,1,0.73,1,0.44,0.38,1,1
10075147535,0.88,1,1,0,1,0.56,0.75,1,1
10075278449,0.88,1,1,0.87,1,0.56,0.75,1,1
10075464059,0.88,0.5,0,0,0,0.06,0,0,0
10075631743,0.88,1,1,0.73,1,0.38,0.06,1,1
10075698123,0.88,0.5,0,0.2,0,0,0,0,1
10075810149,0.88,1,1,0,1,0.56,0.75,1,1
10075814674,0.88,1,1,0.93,1,0.56,0.81,1,1
10076454402,0.88,1,0,0.2,1,0.13,0,0,0
10076524338,0.88,0.5,0,0,0,0.13,0,0,1
10076670714,0.88,0.5,0,0.2,0,0.13,0,0,0
10076682116,0.75,0.5,0,0,0,0,0,0,0
10076790206,0.88,1,1,0.87,1,0.56,0.75,1,1
10077177335,0.88,0.5,0,0,0,0.13,0,0,0
10077449989,0.75,1,1,0,1,0.38,0.06,1,1
10077454379,0.88,1,1,0,1,0.56,0.75,1,1
10077864522,0.75,1,1,0.73,1,0.44,0.38,1,1
10077932184,0.88,0.5,0,0,0,0.13,0,0,0
10077948967,0.88,1,1,0.73,1,0.44,0.38,1,1
10078011643,0.88,1,0,0.2,0,0.13,0,0,0
10078049718,0.88,0.5,0,0.2,0,0.06,0,0,0
10078071163,0.75,1,1,0.8,1,0.56,0.38,1,1
10078144455,0,1,1,0,1,0.56,0.75,1,1
10078264364,0.75,0.5,0,0.33,0,0.13,0,0,0
10078327905,0.88,1,1,0,1,0.56,0.75,1,1
10078331242,0.88,0.5,0,0.27,0,0.13,0,0,0
10078369373,0.75,1,1,0,0,0.44,0.75,1,1
10078401885,0.88,0.5,0,0.2,0,0.13,0,0,0
10079114745,0.88,0.5,0,0.2,1,0,0,0,1
10079540606,0.88,0.5,0,0,0,0.13,0,0,0
10079764945,0.75,1,1,0.67,1,0.38,0.06,1,1
10079879963,0.88,1,1,0.67,1,0.38,0.06,1,1
10080624312,0.88,1,1,0,1,0.63,0.81,1,1
10080818593,0.88,1,1,0.73,1,0.56,0.75,1,1
10080841255,0.88,1,1,0.67,1,0.25,0,1,1
10080846468,0.88,1,1,0.8,1,0.56,0.81,1,1
10080877921,0.88,1,1,0.73,1,0.56,0.75,1,1
10080898300,0.88,1,1,0.67,1,0.38,0.06,1,1
10080963088,0.88,0.5,0,0,0,0.13,0,0,0
10080990161,0.88,1,1,0,1,0.56,0.75,1,1
10081070655,0.75,1,1,0,1,0.44,0.75,1,1
10081232177,0.88,1,1,0.67,1,0.38,0.06,1,1
10081255651,0.88,1,1,0,1,0.56,0.75,1,1
10082922610,0.88,0.5,0,0.2,0,0.06,0,0,0
10082925588,0.75,1,1,0.8,1,0.56,0.75,1,1
10082934265,0.88,0.5,0,0.2,0,0.13,0,0,0
10083033387,0.88,1,1,0.67,1,0.25,0.06,1,1
10083125130,0.88,1,1,0.8,1,0.56,0.75,1,1
10083371256,0.88,1,1,0.8,1,0.56,0.75,1,1
10083615954,0.75,1,1,0.73,1,0.44,0.38,1,1
10083889061,0.88,0.5,0,0.47,1,0.13,0,0,0
10084161568,0.75,1,1,0.8,1,0.56,0.81,1,1
10084595261,0.88,1,1,0.73,1,0.44,0.75,1,1
10084665860,0.75,1,1,0.73,1,0.44,0.38,1,1
10085065283,0.88,0.5,0,0.2,0,0.13,0,0,1
10085113962,0.88,0.5,0,0.2,0,0.13,0,0,1
10085416855,0.88,1,0,0.67,1,0.25,0.06,1,1
10085565213,0.88,1,1,0.67,1,0.38,0.06,1,1
10085582217,0.88,1,1,0.47,0,0.25,0,1,1
10086076307,0.88,1,1,0.8,1,0.44,0.25,1,1
10086519307,0.88,1,1,0.87,1,0.56,0.75,1,1
10087298421,0.88,1,1,0.73,1,0.38,0.38,1,1
10087533718,0.88,1,1,0,1,0.56,0.75,1,1
10087750771,0.88,1,0,0.2,0,0.13,0,0,0
10087914466,0.88,1,1,0.8,1,0.44,0.25,1,1
10088041514,0.88,1,1,0,1,0.63,0.81,1,1
10088094461,0.88,1,1,0.93,1,0.56,0.75,1,1
10088634169,0.88,0.5,1,0.8,1,0.56,0.81,1,1
10088859232,0.88,1,0,0,0,0.13,0,0,1
10088864567,0.88,0.5,0,0,0,0,0,0,0
10089530186,0.88,1,1,0.73,1,0.44,0.38,1,1
10089581713,0.75,1,1,0.8,1,0.56,0.75,1,1
10089618554,0.88,1,1,0.8,1,0.56,0.75,1,1
10089625409,0.88,0.5,0,0,0,0.13,0,0,1
10089638207,0.88,1,0,0,0,0.13,0,0,0
10089815417,0.88,0.5,0,0,0,0.06,0,0,0
10090419088,0.88,0.5,0,0.2,0,0.13,0,0,0
10090497154,0.88,1,0,0.2,0,0.13,0,0,0
10090715508,0.88,1,1,0.73,1,0.44,0.75,1,1
10091689232,0.88,1,1,0.8,1,0.44,0.38,1,1
10091739460,0.88,0.5,0,0,0,0.13,0,0,0
10092256817,0.88,0.5,0,0.2,0,0.13,0,0,0
10092314117,0.88,1,1,0,1,0.56,0.81,1,1
10092349407,0.88,1,1,0,1,0.56,0.75,1,1
10092633853,0.75,1,1,0,1,0.56,0.81,1,1
10092989294,0.88,0.5,0,0,0,0,0,0,0
10093232026,0.88,1,1,0.87,1,0.56,0.75,1,1
10093240705,0.88,1,1,0.6,1,0.44,0.81,1,1
10093320705,0.5,0.5,0,0.27,0,0.13,0,0,1
1009334,0.63,1,1,0.73,1,0.56,0.38,1,1
10093373670,0.88,0.5,0,0,0,0.13,0,0,0
10093464415,0.75,1,1,0,1,0.38,0.38,1,1
10093569147,0.88,1,1,0.8,1,0.56,0.75,1,1
10093569412,0.75,1,1,0.87,1,0.56,0.75,1,1
10093749252,0.88,0.5,0,0,0,0.13,0,0,0
10093843469,0.88,0.5,0,0,0,0.13,0,0,0
10093884580,0.88,0.5,0,0.2,0,0.13,0,0,1
10093941333,0.88,1,1,0.73,1,0.56,0.75,1,1
10093956406,0.88,0.5,0,0.2,0,0.13,0,0,0
10093988059,0.88,0.5,0,0,0,0.13,0,0,0
10094061807,0.88,1,1,0.8,1,0.56,0.81,1,1
10094130365,0.88,0.5,0,0,0,0.13,0,0,0
10094265393,0.88,0.5,0,0,0,0.13,0,0,0
10094491361,0.88,1,0,0,0,0.13,0,0,0
10094499158,0.88,0.5,0,0,0,0.06,0,0,0
10094821492,0.88,1,1,0.8,1,0.56,0.81,1,1
10094908534,0.88,1,1,0.73,1,0.44,0.75,1,1
10094929124,0.88,1,1,0.73,1,0.44,0.75,1,1
10095041798,0.88,1,0,0,0,0.19,0,0,0
10095084794,0.75,0.5,0,0,0,0,0,0,0
10095140144,0.63,0.5,0,0,0,0,0,0,0
10095340300,0.88,0.5,0,0,0,0.13,0,0,0
10095407759,0.88,1,0,0,0,0.13,0,0,0
10097657335,0.75,1,1,0.47,0,0.25,0,1,1
10097772101,0.88,1,1,0.93,1,0.56,0.94,1,1
10097829337,0.88,1,0,0,0,0.13,0,0,0
10097938364,0.88,0.5,0,0,0,0,0,0,1
10097941943,0.88,1,0,0,0,0.13,0,0,0
10098015635,0.88,0.5,0,0,0,0.19,0,0,0
10098067693,0.88,1,0,0,0,0.13,0.06,0,1
10098133552,0.88,1,1,0.73,1,0.38,0.06,1,1
10098164809,0.88,0.5,0,0,0,0,0,0,1
10098199203,0.88,0.5,0,0,0,0.13,0,0,0
10098451940,0.88,1,1,0.73,1,0.44,0.38,1,1
10098515121,0.75,1,0,0,0,0.13,0,0,0
10098568204,0.88,0.5,0,0,0,0.13,0,0,0
10099076877,0.88,1,1,0.8,1,0.56,0.75,1,1
10099202610,0.75,1,1,0.47,1,0.25,0,1,0
10099476871,0.88,0.5,0,0.27,0,0.13,0,0,0
10099619491,0.88,1,1,0.8,1,0.44,0.38,1,1
10100439401,0.88,0.5,0,0.2,1,0.13,0,0,1
10100530540,0.88,0.5,0,0,0,0.13,0,0,0
10101196807,0.88,1,1,0,1,0.56,0.63,1,1
10101590488,0.88,0.5,0,0,0,0,0,0,0
10101795324,0.88,1,1,0,1,0.38,0.06,1,1
10102033976,1,0.5,0,0.27,0,0,0,0,0
10102066878,0.88,0.5,0,0,0,0.19,0,0,0
10102071443,0.88,1,1,0.87,1,0.56,0.94,1,1
10102105650,0.88,1,1,0,1,0.44,0.38,1,1
10102113852,0.88,0.5,0,0,0,0.13,0,0,0
10102124002,0.88,0.5,0,0,0,0.13,0,0,0
10102134347,0.88,0.5,0,0,0,0.13,0,0,0
10102141320,0.88,0.5,0,0,0,0.13,0,0,1
10102842003,0.88,0.5,0,0,0,0,0,0,0
10102847248,0.75,1,1,0.73,1,0.38,0.38,1,1
10102989715,0.88,1,1,0.73,1,0.56,0.75,1,1
10103034426,0.88,1,1,0.67,1,0.38,0.38,1,1
10103382703,0.88,0.5,0,0.2,0,0.13,0,0,0
10103505694,0.88,1,0,0,0,0.13,0,0,0
10104025091,0,1,1,0.8,1,0.56,0.75,1,1
10104071611,0.88,0.5,0,0,0,0.13,0,0,0
10104107248,0.88,1,0,0.33,0,0,0,0,1
10104113619,0.75,1,1,0,1,0.38,0.06,1,1
10104121114,0.88,1,1,0,1,0.44,0.38,1,1
10104138993,0.75,1,1,0.67,0,0.38,0,1,1
10104207841,0.88,1,1,0.73,1,0.56,0.75,1,1
10104215983,0.88,0.5,0,0.87,0,0.13,0,0,1
10104235753,0.88,1,1,0,1,0.44,0.38,1,1
10104294916,0.75,1,1,0.67,1,0.38,0.06,1,1
10104331381,1,0.5,0,0,0,0.13,0,0,1
10104343199,1,0.5,0,0,0,0.13,0,0,1
10104379594,0.88,1,1,0.73,1,0.56,0.75,1,1
10104381199,1,1,1,0.8,1,0.56,0.75,1,1
10104411553,1,0.5,0,0.2,0,0.13,0,0,1
10104528941,0.88,1,1,0.93,1,0.56,0.75,1,1
10104545806,0.88,1,1,0.8,1,0.56,0.75,1,1
10104749284,0.75,0.5,0,0,0,0.13,0,0,0
10104849703,0.88,1,1,0.67,1,0.38,0.06,1,1
10104971148,0.88,1,0,0,0,0.25,0,0,1
10105273693,0.88,0.5,0,0,0,0.13,0,0,1
10105443559,0.88,0.5,0,0,0,0.06,0,0,0
10105443593,0.88,1,1,0.8,1,0.56,0.75,1,1
10105484922,0.88,0.5,0,0.33,0,0.13,0,0,0
10106060212,0.88,0.5,0,0.33,0,0.25,0,0,0
10106122835,0.88,0.5,0,0.33,0,0.13,0,0,0
10106122869,0.88,1,0,0.33,0,0.13,0,0,0
10106206208,0.63,1,1,0.47,1,0.13,0,1,0
10106207952,0.88,0.5,0,0.33,0,0.13,0,0,0
10106404912,0.88,0.5,0,0,0,0.13,0,0,0
10106432320,0.88,1,1,0.8,1,0.44,0.38,1,1
10106519538,0.75,0.5,0,0.2,0,0.13,0,0,0
10107237937,0.63,0.5,0,0,0,0.13,0,0,1
10107257965,0.75,1,1,0.67,1,0.38,0,1,1
10107621792,0.88,0.5,0,0,0,0.13,0,0,0
10107714012,1,1,1,0.8,1,0.44,0.38,1,1
10107961111,0.88,0.5,0,0.2,0,0.13,0,0,0
10107969769,1,1,1,0.8,1,0.56,0.75,1,1
10107997777,1,1,1,0.67,0,0,0,1,1
1010830309,0.5,0.5,0,0,0,0.13,0,0,1
10108332578,0.88,1,1,0.8,1,0.56,0.75,1,1
10108604171,1,1,0,0.2,0,0.25,0,0,0
10108708615,1,1,0,0,0,0.19,0,0,1
10108748117,0.88,1,1,0.8,1,0.56,0.81,1,1
10109447552,0.88,1,1,0.8,1,0.56,0.75,1,1
10109538371,0.88,0.5,0,0.33,0,0.13,0,0,0
10109622989,0.75,1,1,0.73,1,0.44,0.75,1,1
10109939179,0.88,1,1,0,1,0.56,0.75,1,1
10110237410,0.88,1,1,0,1,0.88,0,1,1
10110268312,0.88,0.5,0,0,0,0.13,0,0,0
10110304729,0.75,0.5,0,0,0,0.13,0,0,0
10110708841,1,1,0,0.2,0,0.13,0,0,0
10110723722,0.63,0.5,0,0,0,0,0,0,0
10110735060,1,1,1,0.8,1,0.56,0.75,1,1
10110769788,0.5,0.5,0,0.47,1,0,0,0,0
10110820391,0.88,1,1,0.8,1,0.44,0.38,1,1
10110820722,0.88,1,1,0.8,1,0.56,0.63,1,1
10110943155,1,0.5,0,0,0,0.06,0,0,1
10111094592,0.75,1,1,0,1,0.44,0.06,1,1
10111138577,1,1,1,0,1,0.56,0.75,1,1
10111154739,0.63,1,1,0,1,0.44,0,1,1
10111205219,1,0.5,0,0,1,0.13,0,0,1
10111241383,1,1,1,0.8,1,0.56,0.75,1,1
10111373222,0.88,1,1,0,1,0.44,0.38,1,1
10111733553,1,0.5,0,0.2,0,0.13,0,0,1
10111791649,0.88,1,1,0.67,1,0.13,0.38,1,1
10111801569,0.88,1,1,0,1,0.56,0.75,1,1
10111913743,1,1,1,0,1,0.56,0.75,1,1
10112010469,1,1,1,0.8,1,0.56,0.75,1,1
10112023277,1,1,0,0.33,0,0.13,0,0,1
10112137804,1,0.5,0,0.33,0,0.25,0,0,1
10112249631,0.63,1,1,0,1,0.13,0,1,0
10112396300,0.88,0.5,0,0,0,0.13,0,0,0
10112521462,1,0.5,0,0,0,0.13,0,0,0
10112526863,0.88,1,0,0,0,0.19,0,0,1
10112575562,0.88,1,1,0.73,1,0.44,0.75,1,1
10112628590,1,0,0,0,0,0.13,0,1,1
10112640912,0.88,0.5,0,0,0,0.13,0,0,0
10112683063,0.75,1,1,0.47,0,0.13,0,1,0
10112730477,1,0.5,0,0,1,0.19,0,0,1
10113179642,0.88,1,1,0,1,0.88,0.63,1,1
10113327681,0.75,0.5,0,0,0,0.13,0,0,0
10113496646,0.88,0.5,0,0.33,0,0.13,0,0,1
10113583214,1,0.5,0,0,0,0.13,0,0,1
10113622637,0.75,1,1,0.67,1,0.38,0.06,1,1
10113657559,1,1,0,0,0,0.13,0,0,0
10113749261,0.88,0.5,0,0,0,0.13,0,0,1
10113821451,1,0.5,0,0.2,0,0,0,0,1
10113869619,1,1,1,0.87,1,0.56,0.38,1,1
10113923911,0.88,0.5,0,0,1,0.13,0,0,0
10114046215,0.88,0.5,0,0.27,0,0.13,0,0,0
10114209462,0.88,1,1,0.73,1,0.56,0.75,1,1
10114286543,0.88,1,1,0.73,1,0.44,0.75,1,1
10114321233,1,0.5,0,0,0,0.13,0,0,1
10114512838,0.88,0.5,0,0,0,0.13,0,0,0
10114535245,0.88,0.5,0,0,0,0.13,0,0,0
10114856792,0.88,1,1,0,1,0.56,0.81,1,1
10115040159,0.88,1,1,0.73,1,0.38,0.38,1,1
10115049810,0.88,1,1,0.8,1,0.56,0.75,1,1
10115258424,0.88,1,1,0.87,1,0.56,0.81,1,1
10116303867,0.63,0.5,1,0,0,0.13,0,1,1
10116307623,1,0.5,0,0.2,0,0.13,0,0,0
10116366854,0.88,1,1,0.8,1,0.44,0.38,1,1
10116442517,0.75,0.5,0,0,0,0.13,0,0,1
10116451933,1,0.5,0,0,0,0.13,0,0,0
10116526082,0.88,1,1,0.87,1,0.56,0.81,1,1
10116614784,0.88,1,1,0,1,0.44,0.38,1,1
10116728130,0.88,1,1,0,1,0.63,0.81,1,1
10117011066,1,0,0,0,1,0,0,1,1
10117079466,0.88,1,1,0,1,0,0.75,1,1
10117307258,1,0.5,0,0,0,0.13,0,0,0
10117326048,0.88,0.5,0,0.2,0,0.13,0,0,0
10117434179,1,0.5,0,0.2,0,0.19,0,0,0
10117635595,1,0.5,0,0,0,0.13,0,0,0
10117936529,0.88,1,1,0,1,0.56,0.75,1,1
10118573850,1,0.5,0,0.2,0,0.13,0,0,0
10119117687,0.88,1,1,0,1,0.56,0.75,1,1
10119200059,0.88,0.5,1,0,1,0.94,0.75,1,1
10119219612,0.88,1,1,0,1,0.63,0.81,1,1
10119365655,1,1,1,0.93,1,0.63,0.81,1,1
10119365658,0.88,1,1,0.8,1,0.56,0.81,1,1
10119415320,1,1,1,0.87,1,0.56,0.75,1,1
10119476295,1,0.5,0,0,0,0.13,0,0,0
10119522951,1,1,1,0.73,1,0.38,0.38,1,1
10119532340,1,0.5,0,0.2,0,0.19,0,0,0
10119534207,1,1,0,0,0,0.13,0,0,0
10119549571,0.88,1,1,0.8,1,0.56,0.75,1,1
10119555347,1,0.5,0,0.2,0,0.19,0,0,0
10119648195,0.63,1,1,0.67,0,0.38,0,1,1
10119925097,0.88,0.5,0,0.2,0,0.13,0,0,0
10119937509,0.88,0.5,0,0,0,0.13,0,0,0
10119963164,0.75,1,1,0.67,1,0.56,0.75,1,1
10120032953,0.88,1,0,0,0,0.19,0,0,1
10120035100,0.88,1,1,0.73,1,0.56,0.81,1,1
10120082102,1,0.5,0,0,0,0.13,0,0,0
10120096321,1,0.5,0,0,0,0.13,0,0,1
10120116160,1,1,1,0.73,1,0.44,0.38,1,1
10120128907,1,1,1,0.87,1,0.56,0.75,1,1
10120141078,0.88,1,1,0.87,1,0.44,0.75,1,1
10120314382,1,0.5,0,0,1,0.13,0,1,1
10120347315,0.75,1,1,0,0,0.25,0.06,1,1
10120492120,0.88,1,1,0,1,0.56,0.75,1,1
10120538225,0.88,1,1,0,1,0.81,0.75,1,1
10120576265,0.88,0.5,0,0,0,0.06,0,0,0
10120595305,0.88,0,0,0,0,0.13,0,0,0
10120627473,1,0.5,0,0,0,0.13,0,0,1
10120630265,0.88,0.5,0,0,0,0,0,0,0
10120651853,0.88,0.5,0,0.2,0,0.06,0,0,0
10121334743,0.88,1,1,0.8,1,0.56,0.81,1,1
10121398514,1,0.5,0,0.2,0,0.13,0,0,0
10121407079,1,0,0,0.2,1,0,0,1,0
10121482240,0.75,1,1,0.73,1,0.44,0.38,1,1
10121523732,1,1,0,0.27,0,0.13,0,0,1
10121656527,1,0.5,0,0,0,0.13,0,0,0
10121722644,0.88,1,1,0.8,1,0.44,0.38,1,1
10121729644,1,1,0,0,0,0.19,0,0,1
10121761532,0.88,0.5,0,0,0,0,0,0,0
10121762810,1,1,1,0.73,1,0.56,0.75,1,1
10121789004,0.88,0.5,0,0,0,0.13,0,0,0
10121827130,0.88,1,1,0,1,0.44,0.38,1,1
10121920314,0.88,0.5,0,0,0,0.13,0,0,1
10121922667,1,1,1,0.8,1,0.56,0.75,1,1
10121933461,0.75,1,1,0.67,1,0.44,0.38,1,1
10121946195,0.88,1,1,0.8,1,0.56,0.75,1,1
10121998708,0.88,1,1,0,1,0.56,0.75,1,1
10122011077,1,0.5,0,0,0,0.13,0,0,1
10122018656,1,1,1,0.8,1,0.56,0.75,1,1
10122155999,0.88,1,1,0.73,1,0.38,0.38,1,1
10122202823,0.88,0.5,0,0.2,0,0.13,0,0,0
10122306280,1,1,1,0.87,1,0.56,0.75,1,1
10122393741,0.88,0.5,0,0.2,1,0.13,0,0,0
10122427288,1,0.5,0,0,0,0.13,0,0,1
10122564878,0.88,0.5,0,0.33,0,0,0,0,0
10122583568,1,0.5,0,0.4,0,0,0,0,0
10122685920,0.88,1,1,0.87,1,0.63,0.94,1,1
10122699320,0.63,1,1,0,1,0.44,0,1,1
10122712626,0.75,1,1,0.73,1,0.44,0.06,1,1
10122762109,0.88,1,1,0.73,1,0.56,0.75,1,1
10122778831,0.88,0.5,0,0.27,0,0.13,0,0,1
10122788092,0.88,0.5,0,0.2,0,0.13,0,0,0
10122867180,0.88,1,1,0,1,0.38,0.38,1,1
10122932639,0.88,1,1,0,1,0.44,0.38,1,1
10123024634,0.88,1,1,0,1,0.56,0.75,1,1
10123055892,1,1,1,0.8,1,0.56,0.81,1,1
10123103414,0.75,0.5,1,0,0,0,0,0,0
10123449278,0.75,0.5,0,0,0,0,0,0,0
10123695658,0.88,1,1,0,1,0.56,0.75,1,1
10123706659,0.88,1,1,0,1,0.75,0.81,1,1
10123709109,0.88,1,1,0.67,1,0.44,0.38,1,1
10123798372,0.75,1,1,0.8,1,0.56,0.38,1,1
10124205684,0.88,1,1,0,1,0.94,0.75,1,1
10124304039,0.88,1,1,0.8,1,0.44,0.38,1,1
10124399391,0.88,1,1,0,1,0.56,0.75,1,1
10124447705,0.88,1,1,0,1,0.63,0.81,1,1
10124464352,0.75,0.5,0,0.2,0,0,0,0,0
10124482168,0.88,1,1,0.8,1,0.56,0.75,1,1
10124555805,1,1,1,0.93,1,0.56,0.75,1,1
10124644635,0.88,0.5,0,0.27,0,0.13,0,0,1
10124645729,0.88,1,0,0.27,0,0.13,0,0,1
10125542439,0.75,1,1,0.67,0,0.25,0,1,1
10125570533,0.88,1,1,0.53,1,0.44,0.38,1,1
10125584697,0.88,1,1,0.93,1,0.63,0.75,1,1
10125903300,0.88,1,1,0,1,0.56,0.75,1,1
10125906282,1,0.5,0,0.2,1,0,0,0,1
10125909581,0.63,1,1,0.47,1,0.13,0,1,0
10125925094,0.88,1,1,0.8,1,0.44,0.38,1,1
10125948645,0.75,1,1,0,1,0.38,0.38,1,1
10125971225,0.75,0.5,0,0,0,0,0,0,0
10125980350,0.75,1,1,0.67,0,0,0,0,0
10125995359,0.88,1,1,0.93,0,0,0,1,1
10126001268,0.88,1,1,0.8,1,0.44,0.38,1,1
10126002877,0.75,1,1,0.67,0,0.25,0,1,1
10126006538,0.75,1,1,0,1,0.38,0.38,1,1
10126302261,1,1,1,0.73,1,0.25,0.06,1,1
10126322177,0.88,1,1,0.93,0,0,0,1,1
10126373138,0.88,0.5,0,0.2,0,0.13,0,0,0
10126461384,0.75,1,1,0.47,0,0.25,0.06,1,1
10126548581,0.75,1,1,0.87,1,0.56,0.38,1,1
10126628973,0.88,1,1,0.67,1,0.38,0.06,1,1
10126869345,0.88,1,1,0.8,1,0.56,0.75,1,1
10126962385,1,0.5,0,0.2,0,0,0,0,0
10127109826,0.88,1,1,0.8,1,0.44,0.38,1,1
10127119489,0.75,1,1,0.73,1,0.44,0,1,1
10127277703,0.88,1,1,0.8,1,0.56,0.81,1,1
10127326580,0.88,1,1,0.73,1,0.56,0.75,1,1
10127394354,0.88,1,0,0.2,0,0.13,0,0,0
10127422487,0.88,1,1,0,1,0.38,0.38,1,1
10127717188,0.88,0.5,0,0,0,0.13,0,0,0
10127728436,0.75,1,0,0.8,1,0.56,0.38,1,1
10127901270,0.5,1,1,0.47,1,0,0,1,1
10127913361,0.88,1,1,0.8,1,0.44,0.38,1,1
10128074261,0.88,0.5,0,0.2,0,0.13,0,0,0
10128183580,0.88,1,1,0.87,1,0.56,0.81,1,1
10128867459,0.75,0.5,0,0,0,0,0,0,0
10128888459,1,1,1,0.8,1,0.56,0.75,1,1
10128948451,0.88,1,1,0.8,1,0.56,0.81,1,1
10129013017,0.75,1,1,0.67,1,0.38,0.38,1,1
10129145921,0.88,1,1,0.93,0,0,0,1,1
10129152487,0.75,0.5,1,0.67,0,0,0,0,0
10129171439,0.75,1,0,0.8,1,0.56,0.38,1,1
10129388713,0.88,1,1,0,1,0.56,0.63,1,1
10129786409,1,0.5,0,0,0,0.13,0,0,0
10129834642,0.88,0.5,0,0,0,0.13,0,0,0
10129899272,0.75,1,1,0.8,1,0.56,0.75,1,1
10129920224,0.88,1,1,0,1,0.56,0.75,1,1
10130183695,0.88,1,1,0,1,0.56,0.75,1,1
10130215354,0.88,1,1,0.73,1,0.44,0.38,1,1
10130341943,0.88,0.5,0,0.2,0,0.13,0,0,0
10130423246,0.88,1,1,0,1,0.44,0.38,1,1
10130433997,0.88,1,1,0,1,0.44,0.38,1,1
10131227946,0.88,1,1,0.73,1,0.44,0.38,1,1
10131510540,0.88,0.5,0,0,0,0.13,0,0,0
10132118246,1,1,1,0.87,1,0.56,0.38,1,1
10132218768,0.75,1,1,0,1,0.56,0.38,1,1
10132553266,0.88,1,1,0.73,1,0.44,0.38,1,1
10132785631,0.88,1,1,0,1,0.56,0.75,1,1
10132922909,0.88,1,1,0,1,0.44,0.38,1,1
10132988081,0.88,1,1,0,1,0.56,0.75,1,1
10133242349,0.75,1,1,0,1,0.44,0.38,1,1
10133959545,0.88,1,1,0.67,1,0.38,0.06,1,1
10133976865,0.75,1,1,0.67,1,0.38,0.06,1,1
10134021091,0.88,1,1,0.73,1,0.38,0.06,1,1
10134030251,0.88,1,1,0,1,0.56,0.75,1,1
10134064368,0.88,1,1,0.8,1,0.56,0.75,1,1
10134072274,0.88,1,1,0,1,0.56,0.81,1,1
10134103626,1,1,1,0,1,0.63,0.63,1,1
10134170653,0.88,0.5,0,0.27,0,0.13,0,0,0
10134181330,1,1,1,0,1,0.56,0.75,1,1
10134205350,1,1,1,0.93,1,0.63,0.75,1,1
10134440015,1,0.5,0,0,0,0.13,0,0,0
10134644457,0.75,1,1,0.87,1,0.56,0.81,1,1
10134805030,0.75,1,1,0.8,1,0.56,0.75,1,1
10134825716,0.75,1,1,0.73,1,0.56,0.75,1,1
10134833351,0.75,1,1,0.8,1,0.56,0.38,1,1
10134871985,0.88,1,1,0,1,0.56,0.81,1,1
10134880385,0.88,1,1,0,1,0.56,0.81,1,1
10135094551,0.63,0.5,0,0.27,0,0.13,0,0,1
10135232086,0.88,1,1,0,1,0.56,0.81,1,1
10135394640,0.88,0.5,0,0,0,0.13,0,0,0
10135792378,1,0.5,0,0,0,0.13,0,0,1
10135844552,0.88,0.5,0,0,0,0.13,0,0,0
10135914408,0.88,1,1,0,1,0.56,0.75,1,1
10135932800,0.88,1,1,0.87,1,0.56,0.75,1,1
10136099480,0.88,1,1,0.8,1,0.56,0.75,1,1
10136222894,0.88,1,1,0.73,1,0.44,0.38,1,1
10136359163,0.88,1,1,0,1,0.56,0.75,1,1
10136536617,0.88,1,1,0.73,1,0.44,0.81,1,1
10136570372,0.88,1,1,0.73,1,0.44,0.75,1,1
10136578403,0.88,1,1,0,1,0,0.75,1,1
10136630060,1,1,1,0,1,0.63,0.63,1,1
10136644220,0.88,1,1,0,1,0.38,0,1,1
10136675573,1,1,1,0,1,0.63,0.63,1,1
10137515179,1,1,1,0.87,1,0.63,0.63,1,1
10137597460,0,1,1,0,1,0.69,0.75,1,1
10137704102,0.88,1,1,0,1,0.44,0.38,1,1
10138004429,0.88,1,1,0.73,1,0.56,0.75,1,1
10138117899,1,0.5,0,0,0,0.13,0,0,0
10138381305,1,0,0,0.33,0,0.13,0,0,1
10138383537,0.75,1,1,0.8,1,0.56,0.38,1,1
10138404707,1,1,1,0,1,0.63,0.63,1,1
10138426303,0.75,1,1,0.73,1,0.38,0.38,1,1
10138527269,0.88,1,1,0.8,1,0.44,0.38,1,1
10138560476,0,1,1,0,1,0.56,0.81,1,1
10138580369,0,1,1,0.8,1,0.56,0.75,1,1
10138826229,0.88,1,1,0.8,1,0.56,0.75,1,1
10139086055,1,0.5,0,0,0,0.19,0,0,0
10139909622,0.88,1,1,0.73,1,0.56,0.81,1,1
10140241554,1,1,1,0.8,0,0.44,0.38,1,1
10140700639,0.88,0.5,0,0,0,0.13,0,0,0
10140767663,0,1,1,0.8,1,0.56,0.81,1,1
10140774574,0.75,1,1,0.8,1,0.56,0.75,1,1
10140777023,0.88,1,1,0.8,1,0.56,0.75,1,1
10141047389,1,0.5,0,0,0,0,0,0,1
10141116473,1,1,1,1,1,0.63,0.63,1,1
10142269244,1,1,1,0.8,1,0.56,0.75,1,1
10142756825,0.88,1,1,0,1,0.56,0.75,1,1
10142858707,0.88,1,1,0.87,1,0.56,0.75,1,1
10142907819,0.88,1,1,0.8,1,0.44,0.69,1,1
10143263587,1,0.5,0,0,0,0.13,0,0,0
10144780335,0.75,1,1,0.67,1,0.44,0.38,1,1
10145070413,0.88,1,1,0.8,1,0.56,0.75,1,1
10145089884,0.88,1,1,0,1,0.81,0.75,1,1
10145169625,0.75,1,1,0.8,1,0.44,0.75,1,1
10146236325,0.88,0.5,0,0.2,1,0,0,0,1
10146237664,0.88,1,1,0.8,1,0.56,0.81,1,1
10146381520,0.88,1,0,0,0,0.25,0,0,1
10146452791,0.88,1,1,0,1,0.56,0.75,1,1
10146460500,0.75,1,1,0.73,1,0.44,0.75,1,1
10146516375,0.75,1,1,0,1,0.56,0.75,1,1
10146787103,1,0.5,0,0,0,0,0,0,0
10146851900,0.75,1,1,0,1,0.38,0,1,1
10147006450,1,1,1,0,1,0.63,0.63,1,1
10147029816,1,0.5,0,0,0,0.13,0,0,0
10147038034,0.88,1,1,0.8,1,0.44,0.38,1,1
10147213081,1,1,1,0.8,1,0.44,0.38,1,1
10148665384,0.88,1,1,0,1,0.56,0.75,1,1
10149059931,0.88,0.5,0,0,0,0.13,0,0,0
10149135709,0.88,0.5,0,0,0,0.13,0,0,1
10149439104,1,0.5,0,0,0,0.13,0,0,0
10149524490,0.88,0.5,0,0,0,0.13,0,0,0
10149608959,0.13,0.5,0,0,0,0,0,0,0
10149776350,1,0.5,0,0.2,0,0.13,0,0,0
10149857859,0.88,0.5,0,0,0,0.13,0,0,0
10150029140,1,1,1,0.8,1,0.56,0.94,1,1
10150492498,1,1,1,1,1,0.63,0.81,1,1
10150757956,0.88,0.5,0,0,0,0.13,0,0,0
10150956113,0.88,1,1,0.8,1,0.56,0.75,1,1
10151130843,1,0.5,0,0,0,0.13,0,0,0
10151310633,0.75,0.5,0,0,0,0.13,0,0,0
10151419342,1,0.5,0,0.2,0,0.13,0,0,0
10151681514,0.63,0.5,0,0,1,0.13,0,1,1
10151735673,0.88,0.5,0,0,0,0.13,0,0,0
10151760637,0.63,0.5,0,0,1,0,0,1,1
10151825001,0.88,1,1,0.8,1,0.56,0.75,1,1
10153314511,0.88,1,1,0,1,0.56,0.75,1,1
10153347174,0.88,1,1,0,1,0.56,0.75,1,1
10153500650,0.88,1,1,0,1,0.88,0.63,1,1
1015367809,0.5,0.5,0,0,0,0.19,0,0,1
1015378290,0.5,0.5,0,0,0,0.25,0,0,1
10153955339,1,1,1,0.73,1,0.44,0.38,1,1
10154362897,0.88,0.5,0,0,0,0.13,0,0,0
10154377646,1,1,1,0.87,1,0.56,0.75,1,1
10154851404,0.88,1,1,0,1,0.88,0.63,1,1
10154860811,1,1,1,0.8,1,0.56,0.81,1,1
10154908330,0.88,0.5,0,0.2,0,0.13,0,0,0
10155479648,0.88,1,0,0.2,0,0.19,0,0,0
10155718859,0.88,1,1,0,1,0.56,0.75,1,1
10155809597,0.75,1,1,0.73,1,0.44,0.38,1,1
10155907424,0.88,0.5,0,0.2,0,0.13,0,0,0
10156073445,0.63,0.5,0,0,0,0,0,0,0
10156111902,0.88,1,0,0,0,0.13,0,0,1
10156250806,0.88,1,1,0.87,1,0.56,0.75,1,1
10156913201,0.88,1,1,0.87,1,0.56,0.38,1,1
10156938847,0.75,0.5,0,0,0,0.13,0,0,0
10157064374,0.88,1,1,0.73,1,0.56,0.75,1,1
10157217300,0.88,1,1,0.87,1,0.56,0.94,1,1
10157308582,0.88,1,1,0.93,1,0.56,0.94,1,1
10158163420,1,1,1,0.8,1,0.44,0.38,1,1
10158523142,1,1,1,0.8,0,0.44,0.38,1,1
10160992432,0.88,1,1,0,1,0.56,0.75,1,1
10162526220,0.88,0.5,0,0.2,0,0,0,0,1
10162553441,0.75,1,1,0,1,0.81,0.75,1,1
10162661125,0.88,1,1,0,1,0.56,0.81,1,1
10162779103,1,1,1,0.8,1,0.44,0.75,1,1
10162803112,1,1,1,0.87,1,0.44,0.81,1,1
10163029598,1,1,1,0.73,1,0.38,0.38,1,1
10163037906,1,1,1,0.73,1,0.38,0.06,1,1
10163283031,0.88,1,1,0.87,1,0.56,0.75,1,1
10163296837,0.88,0.5,1,0.8,1,0.56,0.81,1,1
10163326397,0.75,1,1,0.8,1,0.44,0,1,1
10163604728,0.88,1,1,0.8,1,0.56,0.81,1,1
10163671276,1,0.5,0,0,0,0,0,0,0
10164822452,1,0.5,0,0,0,0.13,0,0,0
10164906744,0.88,1,1,0,1,0.44,0.38,1,1
10164954610,0.88,1,0,0.4,0,0.13,0,0,1
10165270799,0.88,1,1,0.73,1,0.56,0.81,1,1
10165418115,0.75,1,1,0.8,1,0.56,0.75,1,1
10165574536,1,0.5,0,0.27,0,0.19,0,0,1
10165689240,0.75,1,1,0,1,0.81,0.75,1,1
10165901036,0.88,1,0,0,0,0.19,0,0,0
10166119909,0.88,1,0,0,0,0.13,0,0,0
10166198098,0.88,0.5,0,0,1,0.13,0,0,0
10166231728,0.75,1,1,0.67,1,0.38,0.06,1,1
10168049372,1,0.5,0,0,0,0.13,0,0,0
10168437028,0.88,1,1,0,1,0.44,0.38,1,1
10168663509,0.63,1,1,0,0,0.38,0,1,1
10168777962,0.75,1,1,0,1,0.56,0.81,1,1
10168938288,0.88,1,1,0.73,1,0.38,0.38,1,1
10168989247,0.88,1,1,0.73,1,0.56,0.75,1,1
10169322896,0.88,0.5,0,0,0,0.13,0,0,0
10169992801,0.88,1,1,0.87,1,0.56,0.81,1,1
10171918723,0.75,1,1,0.73,1,0.44,0.38,1,1
10172115468,1,1,1,0.8,1,0.44,0.38,1,1
10172166046,0.88,1,1,0.73,1,0.44,0.38,1,1
10172271585,0,1,1,0.8,1,0.56,0.75,1,1
10172931401,1,1,1,0.87,1,0.56,0.81,1,1
10172988246,0.88,0.5,0,0.2,0,0.13,0,0,0
10173267144,0.88,1,1,0,1,0.56,0.75,1,1
10173341413,1,0.5,0,0,0,0.13,0,0,1
10173391598,0.88,1,1,0.8,1,0.56,0.75,1,1
10175588715,0.88,0.5,0,0,0,0.13,0,0,0
10176058943,0.88,0.5,0,0,0,0.13,0,0,0
10176105173,1,0.5,0,0.27,0,0.13,0,0,1
10176202372,1,1,1,0.73,1,0.56,0.75,1,1
10176258412,0.88,0.5,0,0.2,0,0.13,0,0,0
10176285667,0.88,1,1,0.8,1,0.56,0.75,1,1
10176439829,1,0.5,0,0.2,0,0.06,0,0,1
10177323752,0.88,1,1,0.8,1,0.56,0.81,1,1
10178965001,0.88,1,1,0,1,0.56,0.75,1,1
10179908784,1,1,1,0.73,1,0.44,0.38,1,1
10181858087,0.88,1,1,0.73,1,0.44,0.38,1,1
10181897870,0.88,0.5,0,0,0,0.13,0,0,0
10182004369,0.75,1,1,0.8,1,0.56,0.75,1,1
10182054118,0.88,0.5,0,0.27,0,0.13,0,0,1
10182306359,0.88,1,1,0.73,1,0.44,0.75,1,1
10183346785,1,1,1,0.73,1,0.44,0.38,1,1
10183366544,0.88,1,1,0.93,1,0.56,0.63,1,1
10183435572,0.88,1,1,0.73,1,0.56,0.75,1,1
10184138600,0.88,1,1,0.8,1,0.56,0.75,1,1
10184253760,0.88,0.5,0,0,0,0,0,0,0
10184416700,0.75,1,1,0,1,0.56,0.75,1,1
10184488092,1,0,0,0,1,0,0,0,0
10184538842,0.75,1,1,0,1,0.56,0.75,1,1
10184687386,0.75,1,1,0.8,1,0.81,0.75,1,1
10184799872,0.88,1,1,0,1,0.56,0.81,1,1
10184924100,0.88,1,1,0,1,0.44,0.38,1,1
10185033124,0.88,1,1,0.73,1,0.56,0.75,1,1
10185050674,0.75,1,1,0.67,1,0.38,0.06,1,1
10185657497,0.88,1,0,0,0,0.25,0,0,1
10185724289,0.88,1,1,0.8,1,0.56,0.75,1,1
10185835307,0.75,1,1,0,1,0.56,0.75,1,1
10185911530,0.88,1,1,0.87,1,0.56,0.75,1,1
10186335118,1,0.5,0,0,0,0,0,0,0
10186827324,0.88,1,1,0.93,1,0.56,0.75,1,1
10187017721,1,0.5,0,0,1,0,0,0,0
10188397767,0.38,0.5,0,0,0,0,0,0,0
10188562764,0.75,1,1,0.8,1,0.56,0.75,1,1
10188692731,0.88,0.5,0,0.2,0,0.13,0,0,0
10189074603,0.88,1,1,0.8,1,0.56,0.75,1,1
10189162427,0.75,1,1,0.67,1,0.38,0.06,1,1
10189200346,0.75,1,1,0.8,1,0.56,0.75,1,1
10189254811,0.88,1,1,0,1,0.56,0.81,1,1
10189302112,0.88,1,1,0.73,1,0.56,0.75,1,1
10189408719,0.88,1,1,0.87,1,0.56,0.81,1,1
10189412686,0.75,1,1,0.67,1,0.38,0.38,1,1
10189431239,0.88,1,1,1,1,0.56,0.81,1,1
10189482185,0.88,0,1,0.8,1,0.63,0.81,1,1
10189498976,0.88,1,1,0.73,1,0.38,0.38,1,1
10189604992,0.75,1,1,0.8,1,0.44,0.75,1,1
10189760685,0.88,1,1,0.87,1,0.63,0.94,1,1
10190736733,0.88,1,1,0.8,1,0.44,0.38,1,1
10190745392,0.88,1,1,0.8,1,0.69,0.75,1,1
10190818107,1,1,1,0.8,0,0.44,0.38,1,1
10190950974,0.75,1,1,0,1,0.44,0.38,1,1
10191048580,0.88,1,1,0,1,0.44,0.38,1,1
10191175558,0.88,1,1,0.73,1,0.44,0.75,1,1
10191182825,0.88,1,1,0.73,1,0.44,0.38,1,1
10191249886,0.88,1,1,0.67,1,0.38,0.06,1,1
10191636318,0.88,0.5,0,0,0,0,0,0,0
10191700339,0.88,0.5,0,0,1,0,0,0,0
10191900824,0.88,1,1,0.73,1,0.38,0.06,1,1
10191930334,0.88,1,1,0.73,1,0.56,0.75,1,1
10191961849,1,0.5,0,0,0,0.13,0,0,0
10192392592,0.88,1,1,0,1,0.44,0.38,1,1
10193206442,0,1,1,0.67,0,0.38,0,1,1
10193361449,1,1,1,0.93,1,0.63,0.81,1,1
10193922606,0.88,0.5,0,0,0,0.13,0,0,0
10194075708,0.88,1,1,0.67,1,0.25,0,1,1
10194159571,1,1,1,0.73,1,0.44,0.38,1,1
10194272611,0.88,0.5,0,0,0,0.13,0,0,0
10194274702,1,0.5,0,0,0,0.13,0,0,0
10194391157,1,0.5,0,0,0,0,0,0,0
10194436953,0,1,1,0.8,1,0.56,0.75,1,1
10194474147,1,1,1,0.73,1,0.44,0.38,1,1
10194728048,1,1,1,0.8,1,0.56,0.81,1,1
10194877240,0.63,0.5,1,0,0,0.13,0,0,1
10194915677,0.88,1,1,0.8,1,0.44,0.88,1,1
10194929249,0.88,1,1,0.73,1,0.56,0.75,1,1
10194957724,0.63,1,1,0,1,0.44,0,1,1
10195809256,0.75,1,1,0.87,1,0.56,0.75,1,1
10195809443,0.88,1,1,0.67,1,0.38,0.06,1,1
10196050453,0.75,1,1,0,1,0.56,0.81,1,1
10196347844,0.88,1,1,0.93,1,0.56,0.75,1,1
10196531667,0.75,1,1,0.87,1,0.56,0.81,1,1
10196565095,0.75,1,1,0.87,1,0.63,0.75,1,1
10196642771,0.75,1,1,0.73,1,0.56,0.38,1,1
10196713040,0.75,1,1,0,1,0.38,0.06,1,1
10196840280,0.88,1,1,0,1,0.44,0.38,1,1
10196986325,0.88,1,1,0.8,1,0.56,0.81,1,1
10197318155,0.88,1,1,0.73,1,0.44,0.75,1,1
10199008793,0.88,1,1,0.67,0,0.38,0,1,1
10199039397,0.88,0.5,0,0.33,0,0,0,0,0
10199256611,0.88,1,0,0.2,0,0.13,0,0,0
10199283324,0.88,0.5,0,0.2,0,0,0,0,1
10199406607,1,1,1,0.73,1,0.44,0.38,1,1
10200230807,0.75,1,1,0,1,0.56,0.75,1,1
10200605127,0.88,1,1,0.93,1,0.75,0.81,1,1
10200635357,0.88,1,1,0.8,1,0.56,0.75,1,1
10200692707,0.88,1,1,0.8,1,0.56,0.81,1,1
10201145266,0.88,1,1,0.73,1,0.44,0.81,1,1
10201398468,0.88,0.5,0,0,0,0.19,0,0,0
10201454258,1,0.5,0,0,0,0.19,0,0,0
10201532026,1,1,1,0.73,0,0.44,0.38,1,1
10201585618,1,1,1,0.73,1,0.38,0.25,1,1
10201654044,0.88,0.5,0,0.2,0,0.13,0,0,0
10201727222,0.88,0.5,0,0,0,0.13,0,0,0
10201877201,0.88,1,1,0.73,1,0.56,0.75,1,1
10203376291,1,0.5,0,0,0,0.13,0,0,1
10203422959,1,1,0,0.73,1,0.13,0.06,1,1
10204051793,1,1,1,0.73,1,0.44,0.38,1,1
10204369700,1,0.5,0,0,0,0,0,0,0
10204802182,0.88,1,1,0,1,0.56,0.75,1,1
10206691463,1,0,0,0,1,0,0,1,1
10206785778,0.88,1,0,0,0,0.13,0,0,1
10206905171,0.75,1,1,0.8,1,0.56,0.75,1,1
10207093429,0.88,1,1,0,1,0.38,0.06,1,1
10207421224,0.88,1,1,0.73,1,0.38,0.06,1,1
10207571740,0.88,1,1,0.8,1,0.63,0.63,1,1
10209427395,1,0,0,0,0,0,0,0,0
10209516465,0.88,1,1,0.8,1,0.56,0.75,1,1
10209523465,0.88,1,1,0.73,1,0.44,0.38,1,1
10209524521,1,1,1,0.8,0,0.44,0.38,1,1
10209586398,0.88,1,1,0.73,1,0.38,0.06,1,1
10209648688,0.88,0.5,0,0,0,0,0,0,0
10209749233,0.88,1,1,0.93,1,0.56,0.94,1,1
10210075028,0.75,0.5,0,0,0,0.13,0,0,1
10210515903,1,1,1,0.8,1,0.44,0.38,1,1
10210833628,0.75,1,1,0.8,1,0.56,0.75,1,1
10211324598,0.88,1,0,0.93,1,0.13,0,0,1
10211780497,0.75,0.5,0,0,0,0,0,0,0
10212111669,0.88,0.5,0,0.27,0,0.19,0,0,1
10212122122,0.88,1,1,0.87,1,0.56,0.94,1,1
10212164009,0.88,1,1,0.93,1,0.56,0.94,1,1
10212901677,0.88,0.5,0,0,0,0.13,0,0,1
10213172969,0.88,0.5,0,0,0,0.06,0,0,0
10213303571,1,1,1,0.8,1,0.56,0.75,1,1
10213982087,0.88,1,1,0.73,1,0.44,0.38,1,1
10214014003,0.75,1,1,0.47,1,0.25,0,1,1
10214306511,1,0.5,0,0.33,1,0,0,0,0
10217616740,1,0.5,0,0.27,0,0,0,0,0
1022456037,0.75,1,0,0.33,0,0.25,0,0,1
1022456996,0.75,1,0,0.33,0,0.25,0,0,1
1023520327,0.63,0.5,0,0.27,0,0.13,0,0,1
1032521001,0.63,0.5,0,0.27,0,0.19,0,0,0
1033802071,0.5,0.5,0,0,0,0.13,0,0,0
1036972046,0.88,0.5,0,0,0,0,0,0,0
1036986595,0.63,0.5,0,0,0,0,0,0,0
1043889884,0.5,0.5,0,0,0,0.19,0,0,0
1043893673,0.88,0.5,0,0.27,0,0,0,0,0
1047517850,0.63,1,0,0,0,0.06,0,0,1
1053103140,0.63,0.5,0,0,0,0.13,0,0,1
1055976509,0.63,0.5,0,0,0,0.19,0,0,0
1057746,0.63,1,1,0.8,1,0.44,0.19,1,1
1058623737,0.75,0.5,0,0,0,0.13,0,0,0
1058629250,0.75,0.5,0,0,0,0.13,0,0,0
1059746,0.75,1,1,0.67,1,0.31,0,1,1
1062642172,0.63,0.5,0,0,0,0.25,0,0,1
1062831420,0.75,0.5,0,0,0,0,0,0,0
1062984720,0.63,0.5,0,0.27,0,0,0,0,0
1063673405,0.63,0.5,0,0.27,0,0,0,0,0
1064358527,0.63,0.5,0,0,0,0.13,0,0,0
1064415410,0.63,0.5,0,0.27,0,0.13,0,0,0
1075167011,0.63,1,1,0.67,1,0.25,0,1,1
1079888,0.75,1,1,0.8,1,0.44,0.38,1,1
1081763348,0.63,1,0,0.53,1,0.38,0,1,1
1082983011,0.63,0.5,0,0.27,0,0.19,0,0,0
1083126772,0.63,0.5,0,0,0,0.13,0,0,0
1087489255,0.63,1,1,0.73,1,0.44,0.38,1,1
1088285,0.63,1,1,0.67,0,0.38,0,1,1
1089857105,0.75,0.5,0,0,0,0.13,0,0,1
1091756583,0.75,1,0,0,0,0.13,0,0,1
1091778312,0.88,1,0,0,0,0.13,0,0,1
1094221,0.75,1,1,0.8,1,0.56,0.75,1,1
1098286,0.75,1,1,0.73,1,0.38,0,1,1
1109730,0.75,0.5,0,0,0,0,0,0,0
1111667716,0.63,0.5,0,0.2,0,0.13,0,0,1
1113099487,0.75,1,1,0.67,1,0.38,0.25,1,1
1133079,0.75,0.5,0,0.33,0,0.13,0,0,1
1133222365,0.75,0.5,0,0.33,0,0,0,0,0
1133687187,0.63,0.5,0,0,0,0.13,0,0,0
1137831,0.63,1,1,0.47,1,0.13,0,1,0
1138529,0.75,1,1,0.73,1,0.44,0.31,1,1
1138971695,0.75,0.5,0,0,0,0.25,0,0,1
1142215,0.75,1,1,0.8,1,0.56,0.38,1,1
1142287867,0.75,1,1,0.67,1,0.25,0,1,1
1142585072,1,1,1,0.67,1,0.38,0.75,1,1
1143661,0.75,1,1,0.67,1,0.38,0.06,1,1
1144549888,0.75,0.5,0,0,0,0.13,0,0,0
1144819084,0.63,0.5,0,0,0,0,0,0,0
1148605468,0.75,0.5,0,0,0,0.19,0,0,1
1148688885,0.88,0.5,0,0,0,0,0,0,0
1152746692,0.75,0.5,0,0,0,0.13,0,0,0
1153548003,0.88,0.5,0,0,0,0.13,0,0,0
1155355,0.75,1,1,0.87,1,0.56,0.38,1,1
1155962239,0.75,1,0,0,0,0,0,0,0
1171338539,0.75,1,1,0.73,1,0.44,0.38,1,1
1171381040,0.75,1,1,0.67,1,0.44,0.38,1,1
1172413656,0.75,0.5,0,0.2,0,0.13,0,0,0
1172573411,0.75,0.5,0,0.27,0,0,0,0,0
1173384514,0.75,0.5,0,0,0,0.13,0,0,1
1178062153,0.63,0.5,0,0.47,1,0,0,0,0
1178285867,0.75,0.5,0,0,0,0,0,0,0
1185013113,0.75,0.5,0,0.2,0,0.19,0,0,1
1186170,0.75,1,1,0.8,1,0.56,0.75,1,1
1193478646,0.75,0.5,0,0,0,0.13,0,0,1
1199988,0.75,1,1,0.8,1,0.56,0.75,1,1
1202213440,0.75,0.5,0,0,1,0.19,0,0,1
1202254439,0.75,0.5,0,0,1,0.19,0,0,1
1205392280,0.75,0.5,0,0,0,0.13,0,0,0
1210374820,0.75,0.5,0,0.33,0,0.06,0,0,0
1210793744,0.75,0.5,0,0.33,0,0.06,0,0,0
1215144,0.75,1,1,0.67,1,0.38,0.06,1,1
1215837446,0.75,0.5,0,0,0,0.19,0,0,0
1217493,0.75,1,1,0.8,1,0.44,0.19,1,1
1217533515,0.75,0.5,0,0,0,0,0,0,0
1217597769,0.75,1,0,0,0,0.19,0,0,1
1217642995,0.75,0.5,0,0,0,0,0,0,0
1217844763,0.75,0.5,0,0,0,0.19,0,0,0
1218356,0.75,1,1,0.8,1,0.56,0.75,1,1
1219033,0.75,1,1,0.8,1,0.44,0.19,1,1
1219073,0.75,1,1,0.8,1,0.44,0.19,1,1
1219080,0.75,1,1,0.8,1,0.44,0.19,1,1
1219286572,0.75,0.5,0,0,0,0.19,0,0,0
1219289285,0.75,0.5,0,0,0,0.13,0,0,0
1220054,0.75,1,1,0.8,1,0.63,0.56,1,1
1220064,0.75,1,1,0.8,1,0.63,0.56,1,1
1229343824,0.88,0.5,0,0,0,0.13,0,0,0
1230885,0.75,1,1,0.8,1,0.56,0.75,1,1
1231050,0.75,1,1,0.73,1,0.56,0.75,1,1
1231344238,0.75,0.5,0,0,0,0.13,0,0,0
1233758,0.75,1,1,0.87,1,0.63,0.75,1,1
1234363411,0.75,1,0,0.27,0,0.19,0,0,1
1236717433,0.75,0.5,0,0,0,0,0,0,1
1237806320,0.75,0.5,0,0,0,0,0,0,0
1248014783,0.63,0.5,0,0,0,0.13,0,0,0
1255108096,0.63,1,1,0.8,1,0.56,0.81,1,1
1255529936,1,1,0,0.33,0,0.13,0,0,1
1255705043,0.63,1,1,0.8,1,0.56,0.81,1,1
1255774996,0.63,1,1,0.8,1,0.56,0.81,1,1
1256027064,0.75,1,1,0.87,1,0.56,0.75,1,1
1258708913,0.88,0.5,0,0,0,0.19,0,0,1
1260975,0.75,0.5,1,0.73,1,0.44,0.75,1,1
1263748,0.75,1,1,0.67,1,0.56,0.75,1,1
1265065483,0.75,0.5,0,0.27,1,0.13,0,0,1
1266476355,0.88,1,0,0,0,0.13,0,0,1
1267439,0.75,1,1,0.67,1,0.44,0.38,1,1
1268439,0.63,1,1,0.67,1,0.56,0.75,1,1
1278345771,0.75,1,1,0.87,1,0.56,0.75,1,1
1279735872,0.75,0.5,0,0.27,0,0.13,0,0,1
1280578,0.75,1,1,0.8,1,0.56,0.75,1,1
1282430,0.75,1,1,0.67,0,0.38,0.38,1,1
1282655818,0.75,0.5,0,0.27,0,0.19,0,0,0
1284030,0.75,1,1,0.73,1,0.44,0.31,1,1
1291940,0.75,0.5,0,0.27,0,0.13,0,0,1
1294727342,0.75,1,1,0.73,1,0.56,0,1,1
1294916987,0.88,1,0,0,0,0.13,0,0,1
1294928796,0.25,0.5,0,0,0,0,0,0,0
1296490,0.75,1,1,0.67,0,0.13,0,1,1
1297596,0.75,1,1,0.87,1,0.56,0.75,1,1
1299642646,0.63,0.5,0,0,0,0.13,0,0,0
1299662814,0.75,1,0,0,0,0.19,0,0,1
1304890,0.75,0.5,0,0.33,0,0.25,0,0,1
1305432476,0.75,0.5,0,0,0,0.19,0,0,0
1306072428,0.88,1,1,0.73,1,0.56,0.81,1,1
1307273654,0.75,1,1,0.8,1,0.44,0.81,1,1
1310105093,0.63,0.5,0,0,0,0.19,0,0,0
1311113517,0.88,0.5,0,0,0,0.19,0,0,1
1312327,0.75,0.5,0,0.33,0,0,0,0,1
1313527947,0.75,0.5,0,0,0,0.13,0,0,1
1314308199,0.63,0.5,0,0,0,0.19,0,0,0
1314749604,0.88,0.5,0,0,0,0.13,0,0,0
1318038,0.88,1,1,0.8,1,0.56,0.81,1,1
1324600,0.75,1,1,0.93,1,0.44,0.19,1,1
1331662,0.88,1,1,0.73,1,0.44,0.38,1,1
1333304,0.75,1,1,0.73,1,0.44,0.38,1,1
1334351,0.88,1,1,0.73,1,0.56,0.75,1,1
1334456475,0.75,1,1,0.67,1,0.31,0,1,1
1334916,0.88,1,1,0.8,1,0.44,0.38,1,1
1339197258,0.75,1,1,0.87,1,0.56,0.38,1,1
1341446902,0.75,0.5,0,0.2,1,0.13,0,0,1
1343546,0.75,1,1,0.8,1,0.63,0.38,1,1
1344789687,0.75,0.5,0,0,0,0.25,0,0,0
1345417,0.75,1,1,0.73,1,0.44,0.38,1,1
1349998340,0.75,0.5,0,0,0,0.13,0,0,0
1350239122,0.75,0.5,0,0.33,1,0.25,0,0,0
1350380919,0.75,0.5,0,0.47,0,0.25,0,0,0
1353135894,0.75,0.5,0,0,0,0,0,0,1
1353319901,0.88,1,1,0.67,1,0.38,0,1,1
1355683824,0.88,0.5,0,0,0,0.19,0,0,0
1356160,0.75,1,1,0.73,1,0.44,0.38,1,1
1357513,0.88,1,1,0.8,1,0.56,0.75,1,1
1361174512,0.88,0.5,0,0.27,0,0.13,0,0,1
1361675827,0.75,0.5,0,0.27,0,0.06,0,0,0
1361699693,1,0.5,0,0.27,0,0.13,0,0,0
1366102594,0.75,0.5,0,0,0,0.13,0,0,0
1366470379,0.75,0.5,0,0,0,0.13,0,0,1
1369409369,0.75,0.5,0,0,0,0.19,0,0,0
1371222030,0.75,0.5,0,0,0,0.19,0,1,1
1371924414,0.63,0.5,0,0,0,0,0,0,0
1372095603,0.75,0.5,0,0,0,0.19,0,0,1
1372210738,0.75,0.5,0,0.27,0,0.19,0,0,1
1375309960,0.75,1,1,0.73,1,0.38,0,1,1
1379600885,0.63,1,0,0,0,0.13,0,0,1
1385679,0.88,1,1,0.8,1,0.56,0.75,1,1
1387008,0.75,1,1,0.67,0,0.38,0,1,0
1387175479,0.75,0.5,0,0,0,0.19,0,0,0
1388986143,0.75,0.5,0,0,0,0.13,0,0,0
1389709135,0.88,1,0,0.27,1,0.13,0,0,1
1389768254,0.75,1,0,0.27,1,0.13,0,0,1
1389894650,0.75,1,0,0.27,1,0.13,0,0,0
1389989639,0.75,1,0,0.27,1,0.13,0,0,1
1391122437,0.75,1,0,0,0,0.19,0,0,1
1397856989,0.75,0.5,0,0,0,0.13,0,0,0
1398051533,0.75,0.5,0,0,0,0.13,0,0,1
1398847306,0.75,0.5,0,0,0,0.13,0,0,0
1399020800,0.75,1,1,0.67,0,0.38,0.38,1,1
1401447,0.75,1,1,0.47,0,0.25,0.06,1,1
1405145459,0.75,0.5,0,0.27,0,0.13,0,0,0
1408271202,0.88,1,0,0,0,0.13,0,0,1
1409531449,0.88,0.5,0,0,0,0.13,0,0,0
1411032,0.88,1,1,0.87,1,0.63,0.75,1,1
1411053,0.88,1,1,0.87,1,0.63,0.75,1,1
1412706954,0.75,0.5,0,0,0,0.13,0,0,0
1416811340,0.88,0.5,0,0,0,0,0,0,0
1424015746,0.88,1,0,0.33,0,0.13,0,0,0
1424919580,0.75,0.5,0,0.27,1,0.25,0,0,1
1426975951,0.88,1,1,0.73,1,0.44,0.38,1,1
1428514417,0.63,0.5,0,0,0,0.19,0,0,0
1429863,0.88,1,1,0.87,1,0.63,0.75,1,1
1429867,0.88,1,1,0.87,1,0.63,0.75,1,1
1429868,0.88,1,1,0.87,1,0.63,0.75,1,1
1430769927,0.75,1,0,0,0,0.13,0,0,0
1431593052,0.75,1,0,0.33,0,0.25,0,0,1
1438777,0.75,1,1,0.73,1,0.44,0.38,1,1
1438917376,0.88,1,1,0.8,1,0.63,0.75,1,1
1439449,0.88,1,1,0.73,1,0.56,0.75,1,1
1439478,0.88,1,1,0.73,1,0.44,0.13,1,1
1441442830,0.75,0.5,0,0.2,0,0.13,0,0,0
1444971353,0.75,0.5,0,0,0,0.13,0,0,1
1445712904,0.75,0.5,0,0,0,0.19,0,0,0
1446564962,0.75,0.5,0,0.27,0,0.19,0,0,1
1446727656,0.88,0.5,0,0,0,0.13,0,0,0
1447566799,0.88,0.5,0,0.2,0,0.13,0,0,1
1449174881,0.88,1,1,0.67,1,0.38,0,1,1
1449285493,0.88,0.5,0,0,0,0.19,0,0,0
1452016511,0.88,1,1,0.73,1,0.44,0.38,1,1
1452891388,0.88,0.5,0,0,0,0.13,0,0,0
1456561555,0.75,1,0,0.27,0,0.19,0,0,1
1457095995,0.75,1,0,0,1,0.13,0,0,0
1457099843,0.88,1,1,0.73,1,0.44,0.38,1,1
1457339908,0.75,0.5,0,0.27,0,0.19,0,0,1
1457990567,0.88,0.5,0,0.2,0,0.13,0,0,0
1458182690,0.75,1,1,0.73,1,0.44,0.38,1,1
1458252243,0.88,1,1,0.8,1,0.56,0.75,1,1
1458758616,0.75,0.5,0,0,0,0.19,0,0,1
1458776447,0.75,1,0,0.27,0,0.19,0,0,1
1460827382,0.75,0.5,0,0,0,0.19,0,0,0
1460948507,0.88,0.5,0,0,0,0.13,0,0,0
1461032874,0.88,1,0,0,0,0.13,0,0,0
1461665264,0.75,1,1,0.67,1,0.38,0.25,1,1
1463161388,0.88,1,0,0,0,0.13,0,0,1
1463202607,0.75,0.5,0,0,0,0.13,0,0,0
1465414329,1,0.5,0,0,0,0.19,0,0,0
1465739039,0.75,1,1,0.93,1,0.56,0.75,1,1
1466156877,0.75,1,1,0.67,1,0.38,0,1,1
1466159676,0.75,0.5,0,0.2,0,0.13,0,0,0
1466174168,0.88,1,1,0.93,1,0.56,0.75,1,1
1466193725,0.75,0.5,0,0.2,0,0.13,0,0,1
1466278168,0.88,1,1,0.73,1,0.44,0.38,1,1
1466498777,0.88,0.5,0,0.2,0,0.13,0,0,1
1466839636,0.75,1,0,0.2,0,0.06,0,0,0
1466935435,0.75,1,1,0.93,1,0.56,0.75,1,1
1468234100,0.88,1,1,0.73,1,0.56,0.75,1,1
1469381530,0.75,1,1,0.73,1,0.44,0.75,1,1
1470577734,0.75,1,0,0.27,0,0.19,0,0,1
1470844246,0.88,0.5,0,0,1,0,0,0,0
1471946867,0.75,1,1,0.67,0,0.25,0,1,1
1472624206,0.88,1,0,0,0,0.13,0,0,0
1474044867,0.63,0.5,0,0.27,1,0,0,0,0
1474085547,0.63,0.5,0,0.27,0,0,0,0,0
1475465720,0.88,0.5,0,0,0,0.13,0,0,0
1477721823,0.75,1,1,0.67,1,0.38,0,1,1
1479441684,0.88,0.5,0,0.27,1,0.13,0,0,0
1479589389,0.75,1,1,0.67,1,0.38,0.38,1,1
1480693922,0.75,0.5,0,0,0,0.13,0,0,0
1481233518,0.75,1,1,0.67,0,0.38,0,1,1
1481650939,0.88,1,0,0,0,0.13,0,0,0
1482256842,0.88,0.5,0,0,0,0.13,0,0,0
1484036879,0.88,1,0,0,0,0.13,0,0,0
1484079955,0.63,0.5,0,0,0,0.13,0,0,0
1485317343,0.88,0.5,0,0.27,0,0.19,0,0,1
1485452445,0.88,0.5,0,0,0,0.13,0,0,0
1485767118,0.75,1,1,0.73,1,0.44,0.38,1,1
1486924643,0.88,1,1,0.93,1,0.56,0.75,1,1
1489636510,0.63,1,1,0.8,1,0.56,0.75,1,1
1489821131,0.75,0.5,0,0,0,0.19,0,0,1
1492385366,0.88,0.5,0,0,0,0.13,0,0,0
1494664620,0.88,0.5,0,0,0,0.13,0,0,0
1494926978,0.88,0.5,0,0,0,0.13,0,0,0
1496459665,0.88,0.5,0,0.27,0,0,0,0,0
1498679379,0.88,1,0,0,0,0.13,0,0,1
1499360627,0.88,0.5,0,0.2,0,0.13,0,0,0
1500131,0.88,0.5,0,0.13,0,0.13,0,0,1
1501090469,0.88,0.5,0,0.2,0,0.13,0,0,0
1502113944,0.75,1,1,0.8,1,0.44,0.81,1,1
1502395977,0.88,0.5,0,0,0,0.13,0,0,0
1505006247,0.88,1,1,0.8,1,0.56,0,1,1
1505894836,0.88,1,1,0.8,1,0.56,0.94,1,1
1506399569,0.63,0.5,0,0,0,0.13,0,0,0
1507662423,0.88,0.5,0,0,0,0.13,0,0,0
1508333637,0.88,1,1,0.67,1,0.38,0.25,1,1
1509093935,0.88,1,1,0,1,0.44,0.38,1,1
1510046240,0.88,0.5,0,0,0,0.13,0,0,0
1513710170,0.75,0.5,0,0,0,0.19,0,0,1
1513749606,0.88,1,1,0,1,0.56,0.75,1,1
1513805661,0.75,1,0,0,0,0.19,0,0,1
1513821058,0.75,0.5,0,0.27,0,0.19,0,0,1
1514222425,0.75,1,0,0,0,0.19,0,0,1
1514264345,0.75,1,0,0,0,0.19,0,0,1
1514775,0.75,1,1,0.87,1,0.56,0.81,1,1
1514800,0.88,1,1,0.93,1,0.56,0.63,1,1
1514801,0.88,1,1,0.8,1,0.56,0.63,1,1
1514811,0.88,1,1,0.8,1,0.56,0.75,1,1
1514817,0.88,1,1,0.8,1,0.44,0.38,1,1
1515527755,0.88,0.5,0,0,0,0.13,0,0,1
1515730018,0.88,0.5,0,0,0,0.13,0,0,0
1516529834,0.88,0.5,0,0,0,0,0,0,0
1517891135,0.75,1,1,0,1,0.44,0.81,1,1
1518117417,0.88,1,1,0.8,1,0.56,0.81,1,1
1518734404,0.75,0.5,0,0,0,0.13,0,0,0
1520255249,0.88,1,1,0.73,1,0.44,0.75,1,1
1520705852,1,0.5,0,0,0,0.19,0,0,0
1520755658,0.88,0.5,0,0,0,0.19,0,0,1
1521617197,0.88,1,1,0.73,1,0.44,0.38,1,1
1522148629,0.88,0.5,0,0.27,0,0.19,0,0,1
1522175098,1,0.5,0,0,0,0.13,0,0,1
1525227708,0.75,1,1,0.8,1,0.56,0.75,1,1
1525354789,0.88,0.5,0,0,0,0.13,0,0,0
1529590946,0.88,1,1,0.73,1,0.56,0.75,1,1
1531788563,0.88,0.5,0,0,0,0.13,0,0,0
1532449643,0.75,1,0,0,0,0.19,0,0,1
1532461962,0.63,0.5,0,0,0,0.13,0,0,0
1532509916,0.88,0.5,0,0,1,0,0,0,1
1533643673,0.63,0.5,1,0.27,0,0.19,0,0,1
1533974065,0.88,1,0,0,0,0.13,0,0,0
1534765301,0.88,1,1,0.8,1,0.56,0,1,1
1538738533,0.75,0.5,0,0,0,0.13,0,0,1
1538864950,0.88,1,1,0.67,1,0.38,0.06,1,1
1539893808,0.88,0.5,0,0.33,0,0.19,0,0,1
1541703657,0.88,0.5,0,0.27,1,0.19,0,0,0
1542034850,0.88,1,1,0.87,1,0.56,0.38,1,1
1542717454,0.88,1,1,0.8,1,0.56,0.81,1,1
1547565531,0.75,1,1,0,1,0.56,0.75,1,1
1548027165,0.88,1,1,0.73,1,0.38,0.38,1,1
1548508785,0.63,0.5,0,0,1,0,0,0,0
1548514411,0.63,0.5,0,0.27,0,0,0,0,0
1549321010,0.88,1,1,0.93,1,0.56,0.81,1,1
1550154029,0.88,1,1,0.8,1,0.56,0.75,1,1
1550294569,0.75,1,1,0.73,1,0.44,0.38,1,1
1550694404,0.88,1,1,0.73,1,0.38,0,1,1
1551074185,0.75,1,1,0.73,1,0.44,0.38,1,1
1554897,0.88,1,1,0.87,1,0.63,0.81,1,1
1554946,0.88,1,1,0.87,1,0.63,0.81,1,1
1556164698,0.5,1,0,0.73,0,0.31,0,0,1
1556225427,0.5,0.5,0,0,0,0.25,0,0,1
1557106198,0.88,0.5,0,0,0,0.13,0,0,0
1557234718,0.88,0.5,0,0,0,0.13,0,0,0
1557509072,0.88,1,1,0.8,1,0.38,0.38,1,1
1557666265,0.88,0.5,0,0,0,0,0,0,0
1559402272,0.88,1,1,0.87,1,0.56,0.94,1,1
1560799868,0.75,0.5,0,0.27,1,0.19,0,0,1
1560911288,0.88,0.5,0,0,0,0.13,0,0,0
1561052336,0.88,0.5,0,0,0,0.06,0,0,0
1561834124,0.88,0.5,0,0,0,0.13,0,0,1
1562219679,0.88,1,0,0.2,0,0.13,0,0,0
1562489574,0.88,1,1,0.93,1,0.56,0.81,1,1
1568815960,0.88,1,1,0.67,1,0.38,0.25,1,1
1569164555,0.88,1,1,0,1,0.44,0.38,1,1
1570894603,0.88,1,1,0.8,1,0.63,0.75,1,1
1572280108,0.88,1,1,0.8,1,0.56,0.81,1,1
1572604885,0.88,1,1,0.8,1,0.56,0.81,1,1
1576002574,0.88,0.5,0,0.73,0,0,0,0,1
1576286513,0.88,0.5,0,0,0,0.13,0,0,0
1576313174,0.75,0.5,0,0,0,0.19,0,0,0
1576330829,0.88,0.5,0,0,0,0,0,0,0
1576541556,0.88,1,1,0.73,1,0.56,0.75,1,1
1577046047,0,0,0,0,0,0,0,0,0
1577051916,0.88,1,1,0.8,1,0.38,0.38,1,1
1577936647,0.88,0.5,0,0.27,0,0.13,0,0,0
1578441359,0.75,0.5,0,0,0,0.13,0,0,0
1578859832,0.88,0,0,0,0,0.19,0,0,0
1579711766,0.75,1,1,0.67,1,0.56,0.75,1,1
1580341896,0.75,0,0,0.27,0,0,0,0,1
1580858336,0.88,0.5,0,0.2,0,0.13,0,0,0
1581300569,0.75,1,1,0.8,1,0.44,0.75,1,1
1581507540,0.88,0.5,0,0,0,0.19,0,0,1
1581538748,0.88,1,1,0.67,1,0.25,0.06,1,1
1582297169,0.75,1,1,0.73,1,0.44,0,1,1
1582492469,0.88,1,1,0.8,1,0.44,0.25,1,1
1582741905,0.75,1,1,0.73,1,0.44,0.38,1,1
1584194612,0.88,0.5,0,0,0,0,0,0,1
1584434258,0.88,0.5,0,0.2,0,0.13,0,0,0
1585001686,0.75,0.5,0,0,0,0.13,0,0,0
1585431554,0.75,0.5,0,0,0,0.13,0,0,1
1585644673,0.75,1,1,0.67,1,0.25,0,1,1
1586561637,0.63,0.5,0,0,0,0,0,0,0
1586564830,0.88,1,1,0.8,1,0.56,0.75,1,1
1589410894,0.5,0.5,0,0,0,0.13,0,0,0
1589444357,0.5,0.5,0,0,0,0.13,0,0,0
1589936584,0.88,1,1,0.73,1,0.56,0.75,1,1
1590808376,0.88,1,0,0,0,0.13,0,0,1
1590845903,0.88,0,0,0,0,0.13,0,0,1
1590867604,0.88,0.5,0,0.27,0,0,0,0,0
1591072535,0.88,0,0,0,0,0.06,0,0,0
1592514960,0.88,0.5,0,0,0,0.25,0,0,0
1592757870,0.88,0.5,0,0,0,0,0,0,0
1592851258,0.88,0.5,0,0,0,0.13,0,0,0
1592994,0.88,0.5,0,0.33,0,0.13,0,0,0
1593128445,0.75,0.5,0,0,0,0.13,0,0,1
1593159192,0.88,0.5,0,0,0,0,0,0,0
1593159461,0.75,0.5,0,0,1,0.13,0,0,1
1593167834,0.88,1,1,0,1,0.56,0.75,1,1
1593199863,0.75,0.5,0,0,0,0.13,0,0,1
1593941931,0.63,0.5,0,0,0,0.13,0,0,0
1593976909,0.75,1,1,0.8,1,0.56,0.75,1,1
1595194909,0.88,1,1,0.67,1,0.38,0.38,1,1
1596886687,0.88,1,1,0.73,1,0.38,0.38,1,1
1596931974,0.75,0.5,0,0,0,0.19,0,0,1
1596959601,0.75,0.5,0,0,0,0.19,0,1,1
1597746674,0.88,0.5,0,0,0,0.19,0,0,0
1597951976,0.75,1,0,0.27,0,0.13,0,0,1
1598263241,0.88,0.5,0,0.2,0,0.13,0,0,1
1599188197,0.88,0.5,0,0,0,0,0,0,0
1600966901,0.5,1,0,0,0,0.25,0,0,1
1600975065,0.88,1,1,0.73,1,0.56,0.75,1,1
1601072342,0.88,1,1,0.73,1,0.44,0.38,1,1
1601407827,0.88,0.5,0,0,0,0.13,0,0,0
1601502861,0.88,0.5,0,0,0,0.13,0,0,0
1601552972,0.88,1,1,0.8,1,0.56,0.75,1,1
1602181430,0.75,0.5,0,0,0,0.13,0,0,0
1602553103,0.75,1,1,0.73,1,0.44,0.06,1,1
1602731663,0.88,1,1,0.73,1,0.38,0.38,1,1
1603352908,0.88,1,1,0.8,1,0.56,0.75,1,1
1603366150,0.88,1,1,0.8,1,0.56,0.75,1,1
1603510135,0.75,0.5,0,0,0,0,0,0,0
1603687671,0.88,0.5,0,0.27,0,0.06,0,0,0
1604051348,0.88,0.5,0,0,0,0.13,0,0,1
1604387016,0.88,0.5,0,0,0,0.19,0,0,0
1605556784,0.88,1,0,0.2,0,0.13,0,0,1
1605673432,0.88,0.5,0,0.2,0,0.13,0,0,1
1605676298,0.88,0.5,0,0,0,0.13,0,0,0
1608679360,0.75,1,1,0.73,1,0.56,0.75,1,1
1609783845,0.88,0.5,0,0,0,0.13,0,0,0
1610475629,0.88,1,1,0,1,0.56,0.94,1,1
1610629900,0.88,0.5,0,0,0,0.06,0,0,0
1611730142,0.88,1,1,0.93,1,0.56,0.75,1,1
1612381421,0.88,1,1,0.73,1,0.44,0.75,1,1
1612406404,0.88,1,0,0.27,0,0.13,0,0,1
1612870838,0.88,1,1,0.73,1,0.44,0.38,1,1
1613438595,0.88,1,0,0.27,0,0.13,0,0,1
1613863,0.88,1,1,0.73,1,0.44,0.38,1,1
1614569,0.88,1,1,0.8,1,0.56,0.81,1,1
1616994575,0.88,1,1,0.73,1,0.56,0.75,1,1
1617007582,0.88,1,1,0.73,1,0.44,0.38,1,1
1617049263,0.75,1,1,0.47,0,0.25,0,1,1
1617107355,0.88,1,1,0.8,1,0.56,0.63,1,1
1617133753,0.88,1,1,0.93,1,0.56,0.81,1,1
1617316166,0.88,1,1,0.93,1,0.56,0.81,1,1
1617515553,0.88,0.5,0,0.27,0,0.13,0,0,1
1617702612,0.75,1,0,0.33,0,0.25,0,0,0
1617729566,0.5,0.5,0,0,0,0,0,0,0
1617832573,0.88,1,1,0.93,1,0.56,0.75,1,1
1617896610,0.88,1,1,0.53,1,0.44,0.38,1,1
1618761249,0.88,0.5,0,0,0,0.13,0,0,0
1618857906,0.75,0.5,0,0,0,0.13,0,0,0
1619471387,0.75,1,1,0.73,1,0.44,0.38,1,1
1619513635,0.75,1,1,0.8,1,0.44,0.38,1,1
1619604875,0.75,1,1,0.67,1,0.25,0,1,1
1620080568,0.75,1,1,0,1,0,0.81,1,1
1620082024,0.75,1,1,0.93,1,0.56,0.75,1,1
1620729992,0.75,1,1,0.67,1,0.38,0.38,1,1
1620802307,0.88,0.5,0,0,1,0.13,0,0,0
1621025056,0.75,0.5,0,0.2,0,0.13,0,0,0
1621624448,0.88,0.5,0,0,0,0.13,0,0,0
1622307899,0.75,1,1,0.8,1,0.56,0.75,1,1
1624578505,0.88,1,0,0.27,0,0.13,0,0,1
1624610880,0.88,0.5,0,0.27,0,0,0,0,1
1624630768,0.88,1,0,0,0,0.13,0,0,0
1624669212,0.88,1,1,0.93,1,0.56,0.63,1,1
1624696959,0.75,1,1,0.67,1,0.44,0.38,1,1
1625426057,0.88,1,0,0.2,0,0.13,0,0,0
1626094941,0.88,0.5,0,0.93,0,0.13,0,0,0
1626300862,0.88,1,1,0.8,1,0.56,0.63,1,1
1626394648,0.88,0,0,0,0,0.13,0,0,0
1626412297,0.88,0.5,0,0,0,0.13,0,0,0
1626434508,0.13,0.5,0,0,0,0,0,0,0
1627097525,0.88,0.5,0,0,0,0.13,0,0,0
1627108015,0.88,1,1,0.8,1,0.44,0.38,1,1
1627555510,0.88,0.5,0,0,0,0.19,0,0,0
1628953846,0.88,1,1,0.67,1,0.25,0.06,1,1
1629438345,0.88,1,1,0,1,0,0.75,1,1
1629447739,0.88,1,1,0,1,0.81,0.75,1,1
1629502079,0.88,0.5,0,0,0,0,0,0,0
1630209317,0.88,1,1,0.8,1,0.44,0.25,1,1
1630382327,0.88,0.5,0,0.27,0,0,0,0,1
1630502836,0.13,0.5,0,0,0,0,0,0,0
1631621051,0.88,0.5,0,0.2,0,0.13,0,0,1
1631645417,0.75,0.5,0,0.4,0,0,0,0,0
1633009629,0.75,1,1,0.73,1,0.44,0.06,1,1
1633645056,0.88,1,0,0,0,0.13,0,0,0
1633960395,0.88,0.5,0,0,0,0.19,0,0,0
1634284024,0.88,0.5,0,0,0,0.19,0,0,1
1635602466,0.88,1,1,0.73,1,0.56,0.75,1,1
1635684709,0.88,1,1,0.8,1,0.56,0.75,1,1
1636290352,0.63,1,1,0.67,0,0.38,0,1,1
1637471188,0.75,0.5,0,0.2,0,0,0,0,0
1637475443,0.75,0.5,0,0,0,0,0,0,0
1638340866,0.88,1,1,0.8,1,0.63,0.81,1,1
1638354775,0.88,0.5,0,0.2,0,0.13,0,0,1
1638879703,0.88,1,1,0.73,1,0.44,0.75,1,1
1639027837,0.88,0.5,0,0.2,0,0.13,0,0,0
1639294092,0.88,1,1,0.73,1,0.44,0.38,1,1
1639314232,0.88,0.5,0,0.2,0,0.19,0,0,0
1639319695,0.88,1,1,0.73,1,0.56,0.75,1,1
1639395886,0.75,1,1,0.8,1,0.56,0.75,1,0
1640458905,0.88,1,0,0,1,0.13,0,0,1
1643436242,0.75,1,1,0.8,1,0.56,0.75,1,1
1643495227,0.88,1,1,0.73,1,0.44,0.75,1,1
1643681292,0.75,1,1,0.73,1,0.44,0.75,1,1
1644508399,0.88,0.5,0,0.33,0,0.13,0,0,1
1644725373,0.88,1,1,0.73,1,0.56,0.75,1,1
1644785350,0.75,1,1,0.47,1,0.31,0,1,1
1644857924,0.88,0.5,0,0,0,0.19,0,0,0
1644870990,0.75,1,1,0.67,1,0.38,0.06,1,1
1645142740,0.88,0.5,0,0,0,0.13,0,0,0
1645524253,0.75,1,1,0.67,1,0.31,0,1,1
1645900539,0.63,1,1,0.67,0,0.25,0,1,1
1646092013,0.75,1,1,0.8,1,0.56,0.75,1,1
1647371441,0.88,1,1,0.67,1,0.38,0.06,1,1
1647748819,0.88,0.5,0,0,0,0.13,0,0,1
1648369455,0.88,1,1,0.67,1,0.38,0.06,1,1
1648379125,0.88,1,1,0.8,1,0.56,0.75,1,1
1648496805,0.88,0.5,0,0,0,0.13,0,0,0
1648576,0.88,1,1,0.8,1,0.56,0.75,1,1
1648733033,0.88,1,1,0.53,1,0.44,0.38,1,1
1648852640,0.88,0.5,0,0,0,0.13,0,0,0
1649543,0.75,1,1,0.8,1,0.44,0.19,1,1
1652849227,0.88,0.5,0,0.2,0,0,0,0,0
1652874040,0.75,0.5,0,0.27,0,0.13,0,0,0
1652964180,0.88,0.5,0,0,0,0.13,0,0,0
1653545033,0.88,0.5,0,0,1,0.13,0,0,0
1653624809,0.75,0.5,0,0,0,0.13,0,0,0
1654045667,0.88,0.5,0,0,0,0.19,0,0,1
1654068085,0.88,0.5,0,0,0,0.19,0,0,1
1654474801,0.88,0.5,0,0,0,0.13,0,0,1
1655322870,0.63,1,1,0.67,0,0.38,0,1,1
1655630301,0.88,1,1,0.8,1,0.56,0.38,1,1
1655680448,0.88,0.5,0,0,0,0.13,0,0,0
1656496429,0.88,1,1,0,1,0.75,0.81,1,1
1656996297,0.75,1,1,0.8,1,0.44,0.75,1,1
1658297425,0.75,1,1,0.8,1,0.56,0.75,1,1
1658400884,0.75,1,1,0.8,1,0.56,0.75,1,1
1658542366,0.88,1,1,0.8,1,0.56,0.75,1,1
1658671059,0.88,0.5,0,0,0,0.13,0,0,0
1658753829,0.88,0.5,0,0,0,0.13,0,0,0
1659907182,0.88,0.5,0,0,0,0.13,0,0,1
1659997140,0.13,0.5,0,0,0,0,0,0,0
1660091,0.88,1,1,0.87,1,0.81,0.81,1,1
1660409472,0.75,1,1,0.67,1,0.56,0.75,1,1
1660457269,0.75,1,1,0.73,1,0.44,0.75,1,1
1661161662,0.88,1,1,0,1,0,0.63,1,1
1661929827,0.88,1,1,0.73,1,0.56,0.75,1,1
1663630301,0.88,1,1,0.8,1,0.56,0.75,1,1
1664429105,0.88,0.5,0,0.2,0,0.13,0,0,0
1665060438,0.88,0.5,0,0,0,0,0,0,1
1665104200,0.88,0.5,0,0,0,0.13,0,0,0
1665446826,0.75,1,1,0.67,1,0.38,0.06,1,1
1666404140,0.75,1,1,0.67,0,0.25,0,1,1
1666454027,0.88,1,0,0,0,0.13,0,0,0
1666673,0.88,1,1,0.8,1,0.56,0.63,1,1
1666707,0.75,1,1,0.73,1,0.56,0.75,1,1
1666810072,0.88,1,1,0.73,1,0.44,0.38,1,1
1666930714,0.88,0.5,0,0.2,0,0.06,0,0,1
1667503358,0.88,1,1,0.8,1,0.56,0.75,1,1
1668323568,0.88,1,1,0.73,1,0.44,0.38,1,1
1668355159,0.88,1,1,0.67,1,0.38,0.06,1,1
1668667219,0.63,1,1,0.67,1,0.38,0.06,1,1
1668669263,0.88,0.5,0,0,0,0.13,0,0,0
1668744378,0.75,1,1,0.73,1,0.56,0.81,1,1
1669024174,0.88,1,1,0.73,1,0.38,0.06,1,1
1669098967,0.75,1,1,0.73,1,0.44,0.38,1,1
1669179447,0.88,1,1,0,1,0.75,0.81,1,1
1669237441,0.88,0.5,0,0.33,1,0.13,0,0,0
1669730286,0.88,1,1,0.73,1,0.56,0.75,1,1
1670034269,0.88,1,1,0.67,1,0.25,0.06,1,1
1670108211,0.88,0.5,0,0,0,0.13,0,0,0
1670619818,0.88,1,1,0.73,1,0.44,0.38,1,1
1670906267,0.88,1,1,0.8,1,0.56,0.81,1,1
1671162175,0.88,0.5,0,0,0,0.13,0,0,1
1671990624,0.75,1,1,0.8,1,0.81,0.38,1,1
1672464410,0.88,0.5,0,0,0,0.13,0,0,0
1672559126,0.88,1,1,0.73,1,0.56,0.75,1,1
1672767381,0.88,0,0,0,0,0.13,0,0,0
1672930146,0.75,0.5,0,0,0,0,0,0,0
1673109942,0.88,1,1,0.87,1,0.81,0.75,1,1
1676012631,0.88,0.5,0,0.4,0,0,0,0,0
1676781092,0.88,1,1,0.8,1,0.56,0.81,1,1
1676908224,0.88,1,1,0.93,1,0.56,0.75,1,1
1677275487,0.88,1,1,0.8,1,0.56,0.75,1,1
1680148144,0.88,0.5,0,0,0,0.19,0,0,0
1681029677,0.88,0.5,0,0.2,0,0.13,0,0,1
1681952678,0.88,0.5,0,0.2,0,0.13,0,0,0
1682031066,0.88,1,0,0,0,0.19,0,0,0
1683352775,0.88,1,1,0.8,1,0.56,0.75,1,1
1683522587,0.88,1,1,0.73,1,0.38,0.5,1,1
1683817848,0.88,1,1,0.8,1,0.56,0.75,1,1
1684058760,0.88,1,1,0,1,0.63,0.81,1,1
1685466369,0.88,1,1,0.73,1,0.25,0.06,1,1
1685543645,0.88,0.5,0,0.27,0,0.13,0,0,0
1685824032,0.88,1,1,0,1,0.56,0.75,1,1
1685912549,0.88,1,1,0,1,0.56,0.75,1,1
1686433527,0.88,1,1,0,1,0.75,0.81,1,1
1686516475,0.88,1,1,0,1,0.56,0.75,1,1
1688204875,0.88,1,1,0.8,1,0.44,0.25,1,1
1690760418,0.75,1,1,0.73,1,0.56,0.75,1,1
1690798754,0.88,1,1,0.73,1,0.44,0.38,1,1
1690956166,0.88,0.5,0,0,0,0.13,0,0,0
1691137800,0.75,1,1,0.8,1,0.44,0.81,1,1
1691233975,0.75,1,1,0,1,0.56,0.75,1,1
1691493343,0.88,1,1,0.73,1,0.44,0.38,1,1
1692330734,0.75,1,1,0.73,1,0.44,0.38,1,1
1692808381,0.88,0.5,0,0,0,0.13,0,0,0
1692871993,0.75,0.5,0,0.27,0,0.13,0,0,1
1692970718,0.88,0.5,0,0,0,0.13,0,0,0
1693235694,0.88,1,1,0,1,0.56,0.75,1,1
1693286123,0.88,0.5,0,0,0,0.13,0,0,0
1693326822,0.88,1,1,0.93,1,0.56,0.63,1,1
1694091660,0.88,0.5,0,0,0,0.19,0,0,0
1694276640,0.88,1,0,0,0,0.13,0,0,0
1694696882,0.88,0.5,0,0,0,0.13,0,0,0
1694847116,0.75,1,1,0.67,1,0.56,0.75,1,1
1694980866,0.88,1,1,0.73,1,0.38,0,1,1
1695210421,0.88,1,1,0.8,1,0.44,0.25,1,1
1695290925,0.88,0.5,0,0,0,0.13,0,0,0
1696395878,0.88,1,0,0,0,0.13,0,0,1
1698998633,0.88,0.5,0,0.2,0,0.06,0,0,0
1699001598,0.75,1,1,0,1,0.56,0.75,1,1
1699305,0.88,1,1,0.8,1,0.56,0.75,1,1
1699643529,0.75,1,1,0.73,1,0.44,0.75,1,1
1700193957,0.88,1,1,0.87,1,0.56,0.94,1,1
1700574796,0.75,0,0,0,0,0,0,0,0
1701747058,0.88,0.5,0,0,0,0,0,0,0
1703111216,0.88,1,1,0,1,0.56,0.63,1,1
1703781310,0.88,1,1,0.93,1,0.56,0.63,1,1
1703989484,0.88,1,1,0.73,1,0.44,0.75,1,1
1705260212,0.75,0.5,0,0.27,0,0.13,0,0,0
1705264498,0.88,1,1,0.93,1,0.56,0.75,1,1
1705462694,0.88,1,0,0,0,0.13,0,0,0
1705720438,0.75,1,1,0.73,1,0.56,0.75,1,1
1705792,0.75,1,1,0.8,1,0.56,0.81,1,1
1705831312,0.88,0.5,0,0.2,0,0.13,0,0,0
1705891539,0.88,1,0,0.27,0,0.13,0,0,1
1705916837,0.88,1,0,0.27,0,0.13,0,0,0
1706008274,0.88,1,1,0.73,1,0.56,0.75,1,1
1706442751,0.88,1,1,0.73,1,0.56,0.75,1,1
1706457220,0.88,1,1,0.67,1,0.38,0.25,1,1
1706467067,0.88,1,1,0.73,1,0.44,0.38,1,1
1706478614,0.88,1,1,0.8,1,0.56,0.75,1,1
1706482597,0.13,0.5,0,0,0,0.13,0,0,0
1706556536,0.88,1,1,0.87,1,0.56,0.94,1,1
1706684736,0.88,0,0,0.2,1,0,0,0,0
1706977671,0.88,1,1,0.87,1,0.56,0.38,1,1
1707375805,0.88,1,1,0.73,1,0.56,0.75,1,1
1707464063,0.88,1,1,0.73,1,0.56,0.75,1,1
1708185,0.88,1,1,0.87,1,0.63,0.75,1,1
1708526,0.88,1,1,0.87,1,0.56,0.81,1,1
1708784305,0.75,0.5,0,0,0,0,0,0,0
1708958041,0.75,1,1,0.67,1,0.31,0,1,1
1709098055,0.88,1,1,0.73,1,0.44,0.38,1,1
1709308784,0.75,1,1,0.73,1,0.44,0.75,1,1
1709467028,0.88,1,1,0.8,1,0.44,0.38,1,1
1709578643,0.88,0.5,0,0,0,0.13,0,0,0
1710077,0.88,1,1,0.8,1,0.44,0.75,1,1
1710670318,0.5,0.5,0,0.73,0,0.38,0,1,1
1710742753,0.75,1,1,0.73,1,0.44,0.38,1,1
1710935388,0.88,0.5,0,0,0,0.13,0,0,0
1710957010,0.88,1,1,0.8,1,0.56,0.75,1,1
1711635662,0.88,0.5,0,0.2,0,0.19,0,0,0
1715043535,0.88,1,1,0.73,1,0.56,0.75,1,1
1715434234,0.63,1,1,0.67,1,0.38,0.06,1,1
1715634735,0.75,1,1,0.8,1,0.56,0.75,1,1
1715661255,0.75,1,1,0.73,1,0.44,0.38,1,1
1715729144,0.75,0.5,0,0,0,0,0,0,0
1716985452,0.88,0.5,0,0,0,0.13,0,0,0
1717042548,0.88,1,1,0,1,0.69,0.63,1,1
1717458784,0.88,1,1,0,1,0.88,0.63,1,1
1718240399,0.88,1,1,0.73,1,0.44,0.38,1,1
1719075449,0.88,0.5,0,0,0,0.13,0,0,0
1722702976,0.88,0.5,0,0,0,0.13,0,0,0
1722820416,0.88,0.5,0,0.2,0,0.06,0,0,0
1723035120,0.88,1,1,0.8,1,0.56,0.75,1,1
1723110425,1,0.5,0,0,0,0.13,0,0,0
1723898829,0.88,1,1,0.73,1,0.44,0.38,1,1
1724118873,0.88,0.5,0,0,1,0.13,0,0,1
1724476672,0.88,0.5,0,0.27,0,0.13,0,0,0
1724590641,0.88,0,0,0,0,0.06,0,0,0
1724874322,0.88,0.5,0,0,0,0.13,0,0,0
1724890376,0.88,0.5,0,0,0,0.13,0,0,0
1724903834,0.88,0.5,0,0,0,0.13,0,0,0
1725251682,0.75,0.5,0,0.27,0,0.13,0,0,1
1725590820,0.75,1,1,0.67,1,0.38,0.06,1,1
1725595597,0.88,0.5,0,0.2,1,0.13,0,0,0
1726147216,0.75,0.5,0,0.27,0,0.13,0,0,0
1726224955,0.88,0.5,0,0,0,0.13,0,0,1
1726757474,1,1,1,0.8,1,0.44,0.38,1,1
1726922504,0.88,0.5,0,0,0,0.13,0,0,0
1728236210,0.75,1,0,0,0,0.13,0,0,1
1728238777,0.88,1,1,0.73,1,0.38,0,1,1
1728515292,0.88,0.5,0,0,0,0.13,0,0,0
1728618892,0.88,1,1,1,1,0.56,0.38,1,1
1728894500,0.88,1,0,0,0,0.13,0,0,0
1728898020,0.88,1,1,0.8,1,0.44,0.75,1,1
1728938016,0.88,1,0,0,0,0.13,0,0,0
1728975789,0.88,0.5,0,0,0,0.13,0,0,0
1729111975,0.88,1,1,0.73,1,0.56,0.75,1,1
1729656896,0.75,0.5,0,0,0,0.13,0,0,1
1729729722,0.75,0.5,0,0,0,0.13,0,0,1
1729812446,0.88,0.5,0,0,0,0.13,0,0,1
1730705998,0.88,1,1,0.8,1,0.56,0.75,1,1
1731211068,0.88,0.5,0,0,0,0.19,0,0,0
1731316249,0.88,1,1,0.73,1,0.56,0.75,1,1
1731524,0.88,1,1,0.8,1,0.56,0.75,1,1
1731698957,0.88,1,1,0.73,1,0.44,0.38,1,1
1732477846,0.88,1,0,0,0,0.19,0,0,1
1732909672,0.88,1,1,0.73,1,0.38,0.06,1,1
1732941306,0.88,1,1,0.8,1,0.56,0.75,1,1
1733317739,0.88,0.5,0,0,0,0,0,0,0
1733335968,0.88,1,1,0.8,1,0.44,0.75,1,1
1734159,0.88,1,1,1,1,0.56,0.81,1,1
1738787942,0.88,0.5,0,0,1,0.13,0,0,1
1738802930,0.88,1,1,0.73,1,0.38,0.38,1,1
1738852438,0.88,0.5,0,0.27,0,0.13,0,0,0
1739314608,0.88,1,1,0,1,0.56,0.75,1,1
1739364095,0.75,1,1,0.8,1,0.56,0.38,1,1
1739473099,0.75,1,1,0.67,1,0.38,0.06,1,1
1739492128,0.75,1,1,0.67,1,0.31,0,1,1
1739511105,0.88,1,1,0.8,1,0.56,0.75,1,1
1740733020,0.88,0.5,0,0,0,0.13,0,0,0
1740733667,0.88,1,1,0.67,1,0.25,0.06,1,1
1740768695,0.75,1,1,0.67,1,0.38,0.06,1,1
1741336599,0.88,1,1,0.67,1,0.38,0.38,1,1
1741446192,0.75,1,1,0.67,1,0.31,0,1,1
1741486268,0.88,1,1,0.67,1,0.38,0.06,1,1
1741509208,0.75,1,1,0.87,1,0.63,0.75,1,1
1743298985,0.88,0,0,0.87,1,0,0,0,0
1743367889,0.75,0.5,0,0,0,0.19,0,0,1
1743605272,0.88,1,1,0.8,1,0.56,0.75,1,1
1744305378,0.75,1,1,0.8,1,0.44,0.81,1,1
1745511097,0.88,1,1,0.8,1,0.56,0.81,1,1
1745918814,0.88,1,1,0.8,1,0.56,0.75,1,1
1745990302,0.75,1,1,0.73,1,0.44,0.75,1,1
1746155,0.88,1,1,0.8,1,0.56,0.63,1,1
1746181206,0.88,1,1,0.73,1,0.38,0.75,1,1
1746181574,0.88,1,1,0,1,0.56,0.75,1,1
1746190041,0.88,1,1,0,1,0.56,0.75,1,1
1746352811,0.75,1,1,0.67,1,0.38,0.06,1,1
1746358072,0.88,0,0,0,0,0.06,0,0,0
1746523536,0.75,1,1,0.8,1,0.44,0.75,1,1
1746877656,0.88,1,1,0.8,1,0.56,0.75,1,1
1748605383,0.75,1,1,0.8,1,0.56,0.94,1,1
1748606445,0.88,1,1,0.8,1,0.56,0.75,1,1
1749087541,0.88,1,1,0.8,1,0.56,0.75,1,1
1750332413,0.88,0.5,0,0,0,0.19,0,0,0
1750523,0.88,1,1,0.87,1,0.63,0.75,1,1
1750536626,0.88,1,1,0.73,1,0.44,0.25,1,1
1751291,0.88,1,1,0.73,1,0.44,0.38,1,1
1753162,0.88,1,1,0.93,1,0.56,0.75,1,1
1753564062,0.88,1,0,0.27,1,0.13,0,0,1
1754437880,0.88,0.5,0,0.33,0,0.06,0,0,0
1754488530,0.88,1,1,0.67,0,0.38,0.5,1,1
1754507890,0.88,1,0,0,0,0.13,0,0,0
1754717533,0.88,0.5,0,0,0,0.13,0,0,0
1755086699,0.88,1,1,0,1,0.56,0,1,1
1755087761,0.88,1,1,0,1,0.56,0.75,1,1
1755264840,0.88,1,1,0.73,1,0.38,0.38,1,1
1756018506,0.88,1,1,0.73,1,0.56,0.75,1,1
1756275453,0.38,0.5,0,0,0,0.25,0,0,1
1756290629,0.75,1,1,0.8,1,0.56,0.75,1,1
1756336020,0.88,1,1,0,1,0.56,0.75,1,1
1757487809,0.88,1,0,0,0,0.13,0,0,0
1757780982,0.88,1,1,0.8,1,0.56,0.81,1,1
1758038892,0.88,1,1,0.73,1,0.38,0.38,1,1
1758800813,0.75,0,0,0,1,0,0,1,1
1758809861,0.88,1,1,0.87,1,0.56,0.75,1,1
1759151096,0.88,1,1,0.73,0,0,0,0,1
1759188464,0.75,0.5,0,0,0,0.13,0,0,1
1759281879,0.75,1,1,0.67,1,0.38,0.06,1,1
1759352075,0.75,1,1,0.67,1,0.44,0.75,1,1
1759417990,0.75,1,1,0.67,1,0.31,0,1,1
1760041457,0.88,0.5,0,0.27,0,0.13,0,0,0
1760371087,0.88,1,1,0.67,0,0.38,0.06,1,1
1762504864,0.88,1,1,0,1,0.56,0.75,1,1
1762798281,0.88,1,1,0.8,1,0.56,0.75,1,1
1763829489,0.88,1,1,0,1,0.56,0.81,1,1
1763830645,0.88,0.5,0,0,0,0.06,0,0,0
1764502409,0.88,1,0,0.27,1,0.13,0,0,1
1764533441,0.88,1,1,0.8,1,0.56,0.75,1,1
1765036,0.88,1,1,0.73,1,0.56,0.75,1,1
1765699457,0.75,0.5,0,0,0,0.13,0,0,0
1765844476,0.88,1,1,0.73,1,0.44,0.38,1,1
1765979179,0.75,1,1,0.67,1,0.38,0.06,1,1
1766163005,0.88,1,1,0.73,1,0.56,0.75,1,1
1766536319,0.88,1,1,0,1,0,0,1,1
1766576551,0.88,0,0,0,0,0,0,0,0
1768010,0.88,1,1,0.8,1,0.56,0.63,1,1
1770800777,0.88,1,1,0,1,0.56,0,1,1
1774195760,0.63,0.5,0,0,0,0,0,0,0
1774379539,0.88,0.5,0,0.2,0,0.13,0,0,1
1775871747,0.88,1,1,0.73,1,0.44,0.75,1,1
1777345866,0.88,1,1,0.73,1,0.38,0.38,1,1
1777635211,0.88,1,0,0,0,0.13,0,0,0
1777687186,0.88,1,1,0.67,0,0.25,0,1,1
1777698754,0.88,1,1,0.73,1,0.38,0.38,1,1
1777824,0.88,1,1,0.73,1,0.56,0,1,1
1779851703,0.88,1,1,0.73,1,0.56,0.75,1,1
1779928433,0.88,1,1,0.8,1,0.44,0.38,1,1
1780064897,0.88,0.5,0,0.2,0,0.13,0,0,0
1781448,0.88,1,1,0.8,1,0.81,0.75,1,1
1781606876,0.88,1,1,0.67,1,0.38,0.06,1,1
1781615343,0.75,1,1,0,1,0.56,0.75,1,1
1783922,0.88,1,1,0.8,1,0.81,0.75,1,1
1785210151,0.88,1,0,0,0,0.13,0,0,0
1785317472,0.88,0.5,0,0,0,0.13,0,0,0
1785318647,0.88,0.5,0,0,0,0.13,0,0,0
1785426626,0.88,0.5,0,0.2,0,0.06,0,0,0
1785936823,0.88,1,0,0,0,0.13,0,0,0
1787120587,0.88,1,1,0.8,1,0.56,0.75,1,1
1787191636,0.88,0.5,0,0,0,0.13,0,0,1
1787900296,0.88,1,1,0.67,1,0.38,0.06,1,1
1788039981,0.88,1,0,0.2,0,0.13,0,0,1
1789314178,0.88,1,1,0,1,0.56,0.81,1,1
1789422858,0.88,0.5,0,0,0,0.13,0,0,0
1789585790,0.88,0.5,0,0,0,0.13,0,0,0
1789841228,0.88,1,0,0,0,0.19,0,0,1
1789889376,0.75,1,1,0.73,1,0.56,0.38,1,1
1789964440,0.75,1,1,0,1,0.56,0.75,1,1
1789997568,0.75,1,1,0.8,1,0.56,0.75,1,1
1791551645,0.75,1,1,0.87,1,0.63,0.75,1,1
1791590136,0.75,1,1,0.87,1,0.56,0.81,1,1
1791876382,0.75,1,1,0.8,1,0.44,0.75,1,1
1792073982,0.75,0.5,0,0,0,0.13,0,0,1
1792270508,0.75,1,1,0.67,1,0.38,0.06,1,1
1794209803,0.75,1,1,0.67,1,0.31,0,1,1
1794815371,0.88,1,1,0,1,0.56,0.75,1,1
1794933,0.88,1,1,0.93,1,0.56,0.81,1,1
1796985549,0.88,1,1,0.8,1,0.44,0.38,1,1
1800057239,0.88,1,1,0,1,0.56,0.75,1,1
1801577386,0.88,1,1,0,1,0.56,0.81,1,1
1803023375,0.75,1,1,0.67,1,0.44,0.38,1,1
1803292487,0.88,0.5,0,0,0,0.19,0,0,0
1805595841,0.88,1,1,0.73,1,0.44,0.75,1,1
1805667561,0.63,1,1,0.67,1,0.38,0.06,1,1
1805679457,0.88,1,0,0,0,0.13,0,0,1
1805914183,0.88,0,0,0.27,0,0,0,0,0
1806883351,0.75,1,0,0,0,0.25,0,0,1
1807445578,0.75,0.5,0,0.2,0,0,0,0,0
1807795303,0.88,1,1,0.73,1,0.38,0.38,1,1
1809514124,0.75,1,1,0.67,1,0.38,0.38,1,1
1809683745,0.88,0.5,0,0.27,0,0.13,0,0,0
1811334931,0.75,1,1,0.8,1,0.56,0.75,1,1
1815281259,0.88,0.5,0,0,0,0.13,0,0,0
1815330639,0.88,0.5,0,0,0,0.06,0,0,0
1815923472,0.88,1,1,0.8,1,0.56,0.75,1,1
1816103117,0.88,1,1,0.8,1,0.56,0.75,1,1
1816168,0.88,1,1,0.8,1,0.81,0.75,1,1
1816688161,0.88,1,0,0,0,0.13,0,0,0
1817747210,0.88,0.5,0,0,0,0.13,0,0,0
1820355,0.88,1,1,0.87,1,0.56,0,1,1
1820375,0.88,1,1,0.8,1,0.56,0,1,1
1839344,0.88,1,1,0.8,1,0.56,0.81,1,1
1841947,0.88,1,1,0.8,1,0.56,0.75,1,1
1841974,0.88,1,1,0.8,1,0.44,0.38,1,1
1841988,0.88,1,1,0.8,1,0.44,0.38,1,1
1856588,0.88,1,1,0.93,1,0.5,0.75,1,1
1858981,0.88,1,0,0,0,0.25,0,0,1
1859122,0.88,1,1,0.87,1,0.63,0.75,1,1
1861098,0.88,1,1,0.93,1,0.5,0.75,1,1
1866661,0.88,1,1,0.93,1,0.5,0.75,1,1
1866686,0.88,1,1,0.93,1,0.5,0.75,1,1
1866995,0.88,1,1,0.93,1,0.5,0.75,1,1
1866999,0.88,1,1,0.93,1,0.5,0.75,1,1
1867009,0.88,1,1,0.8,1,0.5,0.75,1,1
1867026,0.88,1,1,0.8,1,0.5,0.75,1,1
1867027,0.88,1,1,0.8,1,0.5,0.75,1,1
1867031,0.88,1,1,0.8,1,0.5,0.75,1,1
1867034,0.88,1,1,0.8,1,0.5,0.75,1,1
1867036,0.88,1,1,0.8,1,0.5,0.75,1,1
1867037,0.88,1,1,0.8,1,0.5,0.75,1,1
1867038,0.88,1,1,0.8,1,0.5,0.75,1,1
1867039,0.88,1,1,0.93,1,0.5,0.75,1,1
1867044,0.88,1,1,0.93,1,0.5,0.75,1,1
1867047,0.88,1,1,0.93,1,0.5,0.75,1,1
1867048,0.88,1,1,0.93,1,0.5,0.75,1,1
1867053,0.88,1,1,0.93,1,0.5,0.75,1,1
1867054,0.88,1,1,0.93,1,0.5,0.75,1,1
1867056,0.88,1,1,0.93,1,0.5,0.75,1,1
1867670,0.88,1,1,0.8,1,0.5,0.75,1,1
1867682,0.88,1,1,0.8,1,0.5,0.75,1,1
1867687,0.88,1,1,0.8,1,0.5,0.75,1,1
1867688,0.88,1,1,0.8,1,0.5,0.75,1,1
1867689,0.88,1,1,0.93,1,0.5,0.75,1,1
1867690,0.88,1,1,0.93,1,0.5,0.75,1,1
1867691,0.88,1,1,0.93,1,0.5,0.75,1,1
1867694,0.88,1,1,0.93,1,0.5,0.75,1,1
1867698,0.88,1,1,0.8,1,0.5,0.75,1,1
1867699,0.88,1,1,0.93,1,0.5,0.75,1,1
1867704,0.88,1,1,0.8,1,0.5,0.75,1,1
1867705,0.88,1,1,0.8,1,0.5,0.75,1,1
1867707,0.88,1,1,0.8,1,0.5,0.75,1,1
1867711,0.88,1,1,0.93,1,0.5,0.75,1,1
1867712,0.88,1,1,0.93,1,0.5,0.75,1,1
1885079,0.88,1,1,0.93,1,0.56,0.81,1,1
1887626,0.88,1,1,0.8,1,0.81,0.75,1,1
1892385,0.88,1,1,0.8,1,0.56,0.81,1,1
1897393,0.88,1,1,0.8,1,0.56,0.75,1,1
1900191,0.88,1,1,0.87,1,0.75,0,1,1
1901836,0.88,1,1,0.8,1,0.63,0.81,1,1
1905322,0.88,1,1,0.8,1,0.56,0.75,1,1
1905390,0.88,1,1,0.73,1,0.44,0.38,1,1
1945514,0.88,0.5,0,0.2,0,0.19,0,0,0
1945522,0.88,0.5,0,0,0,0.13,0,0,0
1950660,0.88,1,1,0.8,1,0.44,0.75,1,1
1950675,0.88,1,1,0.8,1,0.44,0.75,1,1
1966500,0.75,1,1,0.8,1,0.56,0.81,1,1
1967477,0.88,1,1,0.8,1,0.56,0.63,1,1
1984558,0.88,1,1,0.73,1,0.56,0.38,1,1
2009625,0.88,1,1,0.73,1,0.38,0.38,1,1
2009630,0.75,1,1,0.8,1,0.56,0.81,1,1
2022008,0.88,1,1,0.8,1,0.44,0.75,1,1
2022109,0.88,1,1,0.8,1,0.56,0.75,1,1
2025639,0.88,1,1,0.87,1,0.56,0.75,1,1
2036068,0.88,1,1,0.8,1,0.56,0.75,1,1
2051054,0.88,1,1,0.73,1,0.44,0.75,1,1
2053878,0.88,0.5,0,0.13,0,0.25,0,0,1
2058849,0.88,1,1,0.87,1,0.94,0.75,1,1
2072962,0.88,1,1,0.8,1,0.56,0.94,1,1
2079831,0.88,1,1,0.87,1,0.56,0.81,1,1
2080487,0.88,0.5,0,0.13,0,0.13,0,0,1
2080496,0.88,1,1,0.8,1,0.56,0.75,1,1
2109263,0.88,1,1,0.8,1,0.56,0.81,1,1
2110355,0.88,1,1,0.87,1,0.94,0.75,1,1
2115938,0.88,1,1,0.8,1,0.56,0.75,1,1
2115967,0.88,1,1,0.8,1,0.56,0.75,1,1
2120406,0.88,1,1,0.8,1,0.56,0.94,1,1
2122207,0.88,1,1,0.93,1,0.94,0.75,1,1
2122925,0.88,0.5,0,0.07,0,0,0,0,0
2125419,0.88,1,1,0.87,1,0.56,0.81,1,1
2134182,0.88,1,1,0.87,1,0.56,0.81,1,1
2142780,0.88,1,1,0.87,1,0.56,0.75,1,1
2145640,0.88,1,1,0.8,1,0.5,0.75,1,1
2145656,0.88,1,1,0.93,1,0.63,0.75,1,1
2150240,0.88,1,1,0.87,1,0.63,0.94,1,1
2155790,0.88,1,1,0.73,1,0.44,0.75,1,1
2155802,0.88,1,1,0.73,1,0.44,0.75,1,1
2174124,0.88,1,1,0.87,1,0.88,0.63,1,1
2174898,0.88,1,1,0.87,1,0.63,0.81,1,1
2177421,0.88,1,1,0.8,1,0.56,0.75,1,1
2177483,0.88,1,1,0.8,1,0.56,0.75,1,1
2179047,0.88,1,1,0.87,1,0.56,0.75,1,1
2182277,0.88,1,1,0.8,1,0.56,0.81,1,1
2186088,0.88,1,1,0.87,1,0.56,0.75,1,1
2186435,0.88,1,1,0.87,1,0.56,0.75,1,1
2186437,0,1,1,0.8,1,0.56,0.75,1,1
2195032,0.88,0.5,0,0.33,0,0.13,0,0,1
2195034,0.88,0.5,0,0.33,0,0.13,0,0,1
2196331,0.88,1,1,0.87,1,0.56,0.75,1,1
2197212,0.88,1,1,0.87,1,0.75,0.75,1,1
2199752,0.88,1,1,0.8,1,0.44,0.81,1,1
2200684,0.88,1,1,0.8,1,0.56,0.81,1,1
2202912,0.88,1,1,0.87,1,0.63,0.81,1,1
2205615,0.88,1,1,0.8,1,0.56,0.63,1,1
2206029,0.88,1,1,0.8,1,0.56,0.75,1,1
2206053,0.88,1,1,0.8,1,0.56,0.75,1,1
2206423,0.88,1,1,0.93,1,0.56,0.81,1,1
2209410,0.88,1,1,0.93,1,0.56,0.75,1,1
2212642,0.88,1,1,0.8,1,0.44,0.38,1,1
2214850,0.88,1,1,0.73,1,0.44,0.38,1,1
2220312,0.88,1,1,0.8,1,0.56,0.75,1,1
2220521,0.88,1,1,0.87,1,0.63,0.81,1,1
2223741,0.88,1,1,0.93,1,0.88,0.75,1,1
2227408,0.88,1,1,0.87,1,0.75,0.75,1,1
2227420,0.88,1,1,0.8,1,0.44,0.75,1,1
2233814,0.88,1,1,0.93,1,0.56,0.75,1,1
2235446,0.88,1,1,0.8,1,0.56,0.81,1,1
2239162,0.88,1,1,0.87,1,0.56,0.81,1,1
2244423,0.88,1,1,0.87,1,0.56,0.75,1,1
2249594,0.88,1,1,0.8,1,0.56,0.75,1,1
2250255,1,1,1,0.8,1,0.56,0.75,1,1
2259491,0.88,1,1,0.8,1,0.44,0.75,1,1
2282737,0.88,1,1,0.87,1,0.56,0.75,1,1
2288583,0.88,1,1,0.8,1,0.56,0.75,1,1
2288929,1,1,1,0.87,1,0.56,0.81,1,1
2288950,0.88,0.5,0,0.27,0,0.13,0,0,0
2289184,0,1,1,0.8,1,0.56,0.75,1,1
2289535,0.88,1,1,0.87,1,0.56,0.75,1,1
2289963,0.75,1,1,0.73,1,0.44,0.75,1,1
2289969,0.88,1,1,0.8,1,0.56,0.75,1,1
2294051,0.88,1,1,0.87,1,0.56,0.75,1,1
2297838,0.88,1,1,0.8,1,0.56,0.75,1,1
2298687,0.88,0.5,0,0,0,0.13,0,0,1
2302900,0.88,1,1,0.87,1,0.56,0.75,1,1
2306300,0.88,1,1,0.8,1,0.44,0.38,1,1
2306507,1,0.5,0,0,0,0.13,0,0,1
2306538,1,1,1,0.8,1,0.44,0.75,1,1
2310587,1,0.5,0,0.73,0,0.13,0,0,1
2310982,1,1,1,0.87,1,0.56,0.81,1,1
2310990,1,1,1,0.87,1,0.56,0.81,1,1
2311477,0.88,1,1,0.8,1,0.56,0.75,1,1
2311491,0.88,1,1,0.8,1,0.56,0.75,1,1
2311519,0.88,1,1,0.8,1,0.56,0.75,1,1
2311710,0.88,1,1,0.8,1,0.56,0.81,1,1
2323950,0.88,1,1,0.8,1,0.56,0.75,1,1
2326463,1,1,1,0.8,1,0.56,0.75,1,1
2329180,1,1,1,0.8,1,0.56,0.75,1,1
2332676,0.88,1,1,0.8,1,0.56,0.75,1,1
2332722,0.88,1,1,0.8,1,0.56,0.75,1,1
2332878,1,1,1,0.8,1,0.56,0.75,1,1
2333451,0.88,1,1,0.8,1,0.56,0.75,1,1
2338134,0.88,1,1,0.87,1,0.56,0.75,1,1
2357891,0.88,1,1,0.8,1,0.56,0.81,1,1
2361798,0.88,1,1,0.73,1,0.44,0.38,1,1
2365589,0.75,1,1,0.8,1,0.56,0.81,1,1
2368010,0.88,1,1,0.8,1,0.44,0.75,1,1
2370614,0.88,1,1,0.8,1,0.56,0.75,1,1
2371556,1,1,1,0.8,1,0.63,0.75,1,1
2371576,1,1,1,0.87,1,0.63,0.75,1,1
2371578,1,1,1,0.8,1,0.63,0.75,1,1
2371584,1,1,1,0.87,1,0.56,0.75,1,1
2371588,1,1,1,0.87,1,0.56,0.75,1,1
2371590,1,1,1,0.87,1,0.56,0.75,1,1
2372206,0.88,1,1,0.8,1,0.56,0.75,1,1
2372228,0.88,1,1,0.8,1,0.56,0.75,1,1
2372415,1,1,1,0.8,1,0.63,0.75,1,1
2372421,1,1,1,0.8,1,0.63,0.75,1,1
2372423,1,1,1,0.8,1,0.63,0.75,1,1
2372429,1,1,1,0.87,1,0.56,0.75,1,1
2372431,1,1,1,0.87,1,0.56,0.75,1,1
2372441,1,1,1,0.87,1,0.56,0.75,1,1
2374546,1,1,1,0.87,1,0.56,0.75,1,1
2375810,1,1,1,0.87,1,0.56,0.75,1,1
2379579,0.88,1,1,0.87,1,0.56,0.63,1,1
2379652,0.88,1,1,0.93,1,0.56,0.75,1,1
2383534,1,1,1,0.87,1,0.56,0.75,1,1
2385655,1,1,1,0.87,1,0.5,0.75,1,1
2397737,0,1,1,0.73,1,0.44,0.38,1,1
2400673,0.88,1,1,0.87,1,0.56,0,1,1
2403595,1,1,1,0.87,1,0.56,0.75,1,1
2403607,1,1,1,0.8,1,0.44,0.38,1,1
2423882,1,1,1,0.87,1,0.63,0.63,1,1
2432505,1,1,1,0.87,1,0.63,0.63,1,1
2432777,1,1,1,0.87,1,0.5,0.75,1,1
2435350,0.88,1,1,0.87,1,0.63,0.81,1,1
2441902,0.75,1,1,0.8,1,0.44,0.19,1,1
2442439,0.88,1,1,0.73,1,0.44,0.38,1,1
2443861,0.88,1,1,0,1,0.56,0.75,1,1
2451209,1,1,1,0.87,1,0.44,0.75,1,1
2452030,0.88,1,1,0.8,1,0.56,0.81,1,1
2452032,0.88,1,1,0.87,1,0.56,0.81,1,1
2452042,0.88,1,1,0.87,1,0.56,0.81,1,1
2452481,0.88,1,1,0.8,1,0.56,0.81,1,1
2458683,1,1,1,0.87,1,0.5,0.75,1,1
2465235,0.88,1,1,0.8,1,0.56,0.75,1,1
2469265,1,0.5,0,0.2,0,0.13,0,0,1
2469283,1,1,1,0.8,1,0.56,0.75,1,1
2471202,0.88,1,1,0.87,1,0.56,0.81,1,1
2473905,1,1,1,0.93,1,0.56,1,1,1
2477803,1,1,1,0.8,1,0.56,0.75,1,1
2489088,1,1,1,0.87,1,0.5,0.75,1,1
2489159,1,1,1,0.87,1,0.5,0.75,1,1
2490730,0.88,1,1,0.8,1,0.81,0.75,1,1
2495166,1,1,1,0.8,1,0.44,0.75,1,1
2495189,1,1,1,0.87,1,0.56,0.75,1,1
2495746,0.88,1,1,0.87,1,0.56,0.75,1,1
2495777,0.88,1,1,0.87,1,0.56,0.75,1,1
2512095,1,1,1,0.93,1,0.63,1,1,1
2515705,0.88,0.5,0,0,0,0.19,0,0,0
2524875,0.88,1,1,0.8,1,0.56,0.63,1,1
2528407,1,1,1,0.93,1,0.56,1,1,1
2532415,1,1,1,0.8,1,0.44,0.75,1,1
2543671,1,1,1,0.73,1,0.44,0.38,1,1
2543952,1,1,1,0.73,1,0.44,0.38,1,1
2553062,1,1,1,0.8,1,0.5,0.19,1,1
2573886,1,1,1,0.8,1,0.56,0.75,1,1
2587032,1,1,1,0.87,1,0.56,0.75,1,1
2594190,1,1,1,0.8,1,0.56,0.75,1,1
562379,0.38,1,1,0.73,1,0.38,0.25,1,1
883893,0.63,0.5,0,0.27,0,0.13,0,0,1
944597,0.63,1,1,0.8,1,0.44,0.31,1,1
967021,0.63,0.5,0,0.27,0,0,0,0,0
975020,0.63,1,1,0.8,1,0.56,0.38,1,1
997967,0.63,0.5,0,0.27,0,0,0,0,0
